477
306
6
560
93
37
704
688
363
341
686
273
916
341
378
894
475
326
430
986
214
831
184
473
25
949
493
635
485
147
551
298
827
300
334
99
131
208
22
183
958
23
645
62
459
799
590
161
881
282
293
405
11
968
934
357
328
208
900
307
698
973
150
975
3
571
973
130
938
484
838
267
732
823
657
267
694
128
447
425
807
435
466
648
993
242
626
624
95
207
68
48
90
542
37
82
402
398
607
766
654
67
912
826
940
71
646
441
230
66
701
712
791
959
510
283
775
722
82
522
707
265
836
304
160
285
485
15
48
488
546
684
399
640
851
375
738
870
717
244
634
474
566
520
989
157
257
977
156
273
39
934
565
542
72
1
646
606
725
864
289
1
951
470
677
75
697
374
313
225
36
477
943
329
940
332
890
119
857
129
29
468
143
629
271
649
985
246
772
333
489
544
302
381
405
786
241
938
778
284
827
645
883
309
540
450
360
181
544
812
260
677
466
933
324
702
162
602
148
519
306
15
963
360
767
610
554
621
224
303
117
823
854
804
124
67
180
752
625
301
531
409
521
844
405
760
878
336
862
755
284
554
285
553
309
927
936
472
397
695
180
714
50
915
234
873
432
123
371
55
841
137
164
662
21
980
229
542
816
594
354
155
28
65
861
552
312
239
28
919
744
766
449
596
324
862
686
926
829
764
973
471
365
974
723
49
460
824
63
580
92
886
402
984
980
419
668
219
66
514
252
943
848
551
185
384
308
543
116
662
753
993
9
778
99
797
181
153
527
969
277
162
189
131
692
168
425
302
131
290
358
63
165
355
583
186
558
544
197
627
735
739
173
446
575
753
868
405
398
646
281
24
816
358
194
601
332
985
924
735
390
381
12
987
453
277
502
644
962
183
663
729
846
284
844
30
4
827
537
656
626
229
635
485
937
962
976
51
782
879
228
525
27
871
478
280
731
621
421
8
83
185
379
880
589
357
305
626
715
844
792
130
273
871
890
64
354
914
543
148
176
37
704
315
688
207
847
882
891
809
871
904
775
515
373
452
929
586
24
665
700
770
430
845
509
335
111
538
829
894
286
383
249
203
885
732
814
289
777
82
745
316
428
320
259
573
963
466
476
995
851
414
109
137
598
352
667
743
625
295
751
920
135
610
5
898
732
241
545
503
228
289
410
369
459
591
583
277
393
354
970
571
24
17
164
561
396
18
527
517
920
783
28
353
64
86
650
648
273
546
195
299
824
841
272
659
363
120
304
866
997
711
224
292
420
644
24
454
259
694
926
172
324
453
507
110
261
472
50
790
484
870
413
203
216
434
190
685
705
1000
294
259
416
563
83
651
25
568
568
318
747
775
810
333
584
718
271
5
869
425
871
859
111
672
45
195
981
736
898
664
31
697
883
292
644
99
485
494
594
71
873
748
625
624
20
1
614
307
672
491
814
588
819
426
484
258
978
164
906
456
96
645
898
997
972
442
909
940
593
50
910
51
912
690
5
574
114
273
741
524
420
840
704
221
353
782
537
63
856
90
19
465
349
184
14
41
640
956
18
60
454
508
678
159
359
328
174
70
741
296
33
452
476
493
975
273
375
701
635
630
805
340
858
472
537
925
945
774
461
511
644
469
568
411
725
34
892
655
501
266
687
952
172
780
68
542
929
455
520
738
429
707
409
351
527
48
144
444
49
135
121
96
397
439
31
311
33
216
670
288
769
467
370
530
839
132
694
186
928
165
954
659
740
57
736
454
192
447
34
844
270
552
446
65
331
590
281
858
888
921
146
12
157
805
12
263
249
862
127
512
816
657
330
968
270
785
138
822
669
713
430
715
103
518
665
341
76
833
550
525
997
89
655
584
356
128
182
247
83
775
608
737
139
968
514
647
861
938
259
166
228
250
573
605
328
887
934
715
743
663
931
533
486
896
197
910
73
810
948
709
86
770
206
275
56
4
171
66
41
914
558
827
625
859
552
617
135
656
839
931
242
713
740
194
697
373
464
470
454
419
902
812
866
579
194
615
641
159
317
362
290
106
260
205
299
640
438
313
382
833
112
487
522
519
950
216
625
115
958
953
445
478
885
593
263
42
7
692
210
444
161
252
454
892
960
988
61
292
867
943
355
53
979
557
736
578
199
542
162
906
935
534
122
386
832
467
897
700
851
510
90
990
610
129
635
939
601
644
913
848
876
750
526
228
487
611
279
369
194
712
84
281
588
434
558
127
664
731
886
346
753
767
732
100
439
17
149
305
174
886
570
50
184
165
672
160
920
994
702
844
254
365
255
775
93
770
324
298
878
378
384
44
98
187
205
460
475
352
882
17
725
765
407
117
721
156
10
10
892
362
178
370
684
985
695
295
981
94
730
603
311
801
81
766
13
263
556
543
257
636
775
46
902
312
921
985
142
643
593
393
441
201
743
516
36
852
781
664
725
621
143
431
29
965
356
155
820
847
793
900
656
857
327
350
542
681
904
331
104
49
157
248
889
404
498
28
872
374
744
122
460
870
925
86
405
466
699
936
879
100
171
128
921
378
974
763
441
318
401
322
865
70
922
65
166
506
191
374
611
642
599
299
183
622
877
639
48
542
412
408
664
141
449
256
269
614
644
506
84
397
383
433
858
149
446
322
856
416
466
776
571
918
168
612
765
300
404
173
861
184
612
119
995
77
102
288
890
492
643
904
469
859
504
657
221
690
853
37
405
294
58
743
139
588
273
660
672
323
360
777
535
88
364
607
245
956
279
955
578
577
419
534
322
682
710
856
831
846
967
180
26
171
12
952
609
17
77
302
469
324
209
590
886
69
257
653
765
10
917
74
480
238
320
236
58
155
32
7
938
941
152
419
731
640
5
20
404
174
678
802
703
921
882
85
664
20
58
52
22
871
103
754
722
815
403
965
118
853
493
715
236
665
750
273
989
148
129
122
910
699
504
117
576
357
596
499
537
843
998
92
913
630
607
210
891
791
859
511
510
286
230
591
905
864
334
753
691
436
595
197
840
26
983
100
819
948
634
241
448
591
621
275
621
281
195
595
664
839
616
343
819
462
684
722
52
544
485
609
44
669
931
930
622
203
396
170
160
368
566
846
473
579
368
170
995
494
382
689
490
125
157
940
386
362
520
941
286
610
641
633
273
70
457
379
353
498
761
893
381
319
805
827
436
671
790
857
614
900
9
672
887
651
253
701
646
383
486
663
643
402
208
546
786
147
387
887
187
171
462
803
386
439
354
227
988
430
530
761
575
799
579
492
30
823
873
564
958
145
481
678
624
108
847
791
510
903
111
664
838
86
275
376
731
897
145
279
78
673
800
80
527
833
569
793
989
74
939
165
57
894
676
718
133
515
509
402
476
524
796
556
586
445
451
982
986
134
821
633
387
350
527
688
865
338
63
761
464
841
534
466
48
805
120
176
143
941
107
56
494
990
611
706
295
932
797
846
193
458
142
256
149
768
550
202
290
12
302
435
888
172
43
624
137
626
334
747
135
90
841
512
153
392
230
512
430
38
19
832
850
17
328
217
398
604
874
842
186
559
951
944
605
828
571
819
845
419
636
652
595
575
120
111
996
614
258
685
853
820
655
788
309
428
920
249
415
831
284
249
696
276
640
663
966
397
968
171
972
932
50
965
404
726
201
731
365
418
823
214
132
980
832
618
491
204
807
481
236
264
266
775
739
696
292
893
699
925
775
888
933
621
592
337
114
97
670
380
881
443
271
611
943
211
858
192
951
126
544
558
750
275
485
598
382
828
79
523
715
719
928
966
494
669
485
294
126
949
652
904
635
295
135
366
380
281
866
596
34
633
811
569
532
639
955
2
481
355
282
947
637
148
2
657
784
209
136
762
302
835
889
772
23
870
410
17
463
946
742
702
611
691
430
868
429
197
70
538
108
668
277
890
309
584
98
568
253
562
131
307
436
531
394
315
271
468
123
564
131
575
107
530
5
631
210
899
952
388
428
964
295
559
471
5
547
407
518
422
325
759
168
725
505
490
996
601
78
11
126
828
940
248
134
930
217
46
936
617
424
378
628
489
689
241
514
273
836
357
552
216
640
854
470
85
455
568
537
227
900
502
291
554
26
771
983
968
947
37
159
698
786
142
442
532
687
336
407
207
198
307
357
24
259
175
67
558
679
675
405
795
687
248
38
620
910
483
906
595
337
823
426
886
815
905
219
233
891
269
219
886
979
324
731
929
362
356
487
648
780
648
480
508
831
878
497
290
601
656
460
201
931
901
566
794
827
347
569
281
448
61
506
214
666
453
318
838
714
325
390
312
857
544
131
917
644
215
296
663
305
245
2
751
113
298
495
261
283
12
522
271
703
368
665
900
935
51
880
451
769
401
695
970
113
764
156
450
515
368
258
999
304
300
426
928
221
530
176
86
750
843
555
985
157
119
610
158
68
961
512
651
19
12
396
171
602
140
238
715
123
61
638
381
397
530
660
467
491
555
701
796
661
832
827
325
860
606
824
442
732
220
127
735
345
235
639
232
574
645
485
562
460
620
674
393
299
125
591
739
828
986
340
728
652
582
900
699
677
68
272
686
414
414
150
127
148
170
15
204
5
128
883
827
443
154
235
789
601
270
566
640
257
909
258
862
276
326
297
678
295
537
114
72
877
970
422
465
43
729
54
646
309
580
390
401
335
736
15
485
761
377
79
432
645
84
108
452
195
640
198
181
366
532
265
944
278
67
282
410
513
426
47
364
737
762
894
340
875
15
163
629
407
250
591
332
94
934
98
982
191
409
683
461
916
479
668
161
339
385
582
249
199
658
207
367
589
779
255
913
189
592
979
383
925
197
401
869
950
71
97
891
77
421
738
906
928
557
576
751
380
63
78
554
403
855
679
143
265
290
409
962
331
101
119
460
14
255
903
361
95
98
624
386
438
701
861
532
972
971
705
248
191
384
137
964
705
130
102
143
803
260
353
921
183
845
408
286
238
20
398
864
289
211
365
563
815
507
458
580
177
474
605
43
390
360
867
506
967
899
587
39
293
272
389
75
693
707
613
594
859
7
276
76
766
641
195
987
495
973
354
86
667
870
478
668
739
320
107
573
690
648
442
333
584
427
239
183
212
841
531
437
908
653
988
9
126
384
523
435
941
366
375
364
969
799
148
980
177
181
258
943
953
394
435
979
307
87
445
578
804
319
450
108
500
337
965
52
225
788
293
997
581
89
895
146
127
213
545
557
330
783
190
35
488
273
243
340
901
701
194
66
758
418
79
62
576
764
917
970
234
396
971
957
452
855
727
869
945
400
494
623
719
811
497
380
609
959
157
995
231
719
972
59
636
262
612
593
227
680
642
984
740
758
101
786
418
545
179
642
516
795
849
126
169
997
768
364
85
209
253
12
487
552
437
759
102
42
848
365
361
353
971
32
487
823
870
223
660
602
800
145
95
481
108
893
196
994
603
985
308
336
623
372
485
291
598
901
262
967
988
657
441
825
729
997
726
236
990
4
477
628
434
364
368
831
293
343
334
902
861
344
68
251
519
327
561
231
871
534
695
88
44
43
980
162
328
714
537
53
536
892
923
678
425
110
551
555
100
312
427
398
427
44
145
87
524
862
80
109
348
824
953
539
671
983
392
19
304
537
50
458
537
13
96
691
69
678
242
446
91
15
271
707
651
96
895
780
912
500
224
681
347
258
586
288
67
421
955
634
635
627
197
517
873
411
329
426
705
116
767
733
151
649
758
998
353
260
22
95
534
2
101
864
67
477
937
32
752
213
632
814
63
998
689
416
996
612
600
773
407
643
334
523
382
1000
20
571
505
238
841
473
931
980
123
970
965
53
462
596
960
533
344
382
382
285
679
578
133
175
338
382
709
647
482
665
895
933
249
569
693
111
824
417
443
257
773
50
102
900
850
568
171
506
511
851
190
803
119
639
313
153
274
283
405
617
220
37
33
360
12
181
898
427
756
893
847
882
264
620
394
614
666
935
452
502
888
766
898
587
366
511
799
78
977
641
850
499
729
927
721
709
67
581
56
606
448
257
783
788
65
188
343
320
121
784
627
349
530
161
270
451
921
844
841
399
881
119
738
879
225
507
218
449
696
128
553
137
716
910
500
620
129
659
327
423
327
491
26
181
388
860
14
604
57
169
739
749
996
61
349
528
238
205
908
10
702
458
597
740
936
751
423
876
769
841
963
494
112
946
328
224
149
276
365
749
303
892
103
809
595
947
303
752
840
369
809
832
653
977
750
617
809
600
441
60
433
900
532
916
192
756
442
983
226
155
542
369
143
947
462
869
605
516
510
992
122
704
174
946
16
326
659
267
392
423
440
886
120
526
346
328
645
671
700
580
549
564
977
632
268
571
86
541
960
284
774
268
257
109
23
347
259
413
489
523
970
495
141
232
361
169
585
390
892
476
206
895
386
139
686
213
652
629
867
553
273
191
270
753
217
528
321
467
447
368
191
164
411
607
290
547
263
124
985
417
295
2
166
158
955
102
726
92
872
156
241
328
283
304
396
873
794
410
620
977
245
907
86
556
609
797
244
31
66
21
645
351
383
439
36
794
703
324
893
387
578
686
352
472
861
635
979
595
782
874
686
879
66
460
692
931
663
459
271
811
684
9
333
132
276
461
350
544
193
994
674
846
974
3
282
890
918
933
489
476
730
976
79
716
87
756
819
768
529
104
312
627
561
895
232
272
464
381
539
854
858
23
228
866
201
247
718
853
487
844
301
59
221
234
636
596
856
369
884
549
468
643
853
662
897
146
722
85
547
533
127
652
552
277
85
162
109
301
975
399
765
375
536
630
879
448
317
699
340
710
222
618
736
813
12
999
448
482
338
67
984
66
987
967
479
878
821
771
494
837
605
452
710
108
669
333
407
624
655
835
349
257
978
88
340
206
813
839
107
348
378
276
191
981
612
409
584
635
791
947
257
748
365
115
181
349
275
981
296
584
569
434
373
661
93
51
43
964
464
41
99
629
635
591
791
427
405
69
918
267
18
282
650
580
503
749
618
416
924
420
215
541
993
359
651
889
762
933
985
191
746
744
202
818
262
553
254
185
723
703
110
732
257
858
987
310
453
669
489
941
732
225
18
185
197
487
298
353
379
195
629
400
773
902
792
644
806
907
164
169
719
793
358
416
371
138
743
360
732
916
810
374
609
627
48
716
728
848
67
826
59
238
726
134
569
726
827
155
149
363
252
963
631
391
930
156
911
237
790
467
895
256
777
334
195
193
127
184
77
607
516
388
867
55
48
827
749
305
24
344
558
890
623
8
976
805
751
17
142
20
807
443
974
697
19
585
611
229
210
905
615
664
989
244
244
400
853
776
506
992
732
413
35
150
435
792
829
618
734
938
542
17
799
103
850
686
346
623
392
438
127
179
801
982
328
970
397
78
804
523
944
784
152
136
829
45
282
103
965
498
107
762
304
790
90
480
617
979
108
520
356
33
391
196
448
9
593
99
357
282
378
524
810
190
624
689
564
968
687
540
843
442
262
585
308
864
270
894
509
909
254
660
993
374
196
592
577
951
977
34
756
191
16
906
908
342
639
308
835
209
144
802
524
606
466
236
994
645
259
877
337
119
889
205
433
289
978
327
839
293
219
951
435
553
195
100
752
4
448
368
587
764
988
411
648
71
268
956
563
221
407
217
168
617
208
557
401
816
129
936
941
535
187
559
383
718
837
111
227
62
928
573
110
66
84
575
937
528
380
744
834
888
734
242
438
171
246
374
936
80
61
889
150
27
91
175
531
987
456
841
157
887
140
172
317
299
753
503
615
618
94
436
869
118
186
914
555
718
810
680
593
285
330
841
913
844
90
50
686
201
890
820
38
512
464
821
540
655
269
365
2
692
685
479
531
514
967
691
557
311
121
846
39
247
459
579
524
52
831
893
610
952
390
480
298
670
23
696
244
289
444
485
683
494
409
54
522
6
573
791
250
404
86
382
231
133
770
293
533
781
200
37
391
294
453
430
433
414
90
629
723
885
529
392
394
170
206
28
784
731
436
741
265
327
227
916
305
725
476
769
297
635
51
821
391
467
783
969
349
636
386
510
315
246
977
710
19
432
82
732
444
41
418
565
220
314
550
29
167
967
940
863
257
974
237
526
302
45
857
457
197
98
659
23
997
87
164
391
298
565
788
846
584
547
426
616
238
1000
537
245
713
563
682
131
361
726
457
38
803
241
588
266
334
455
741
956
539
303
53
832
697
264
137
543
136
572
537
567
795
834
607
564
376
464
697
89
485
848
381
199
625
990
199
237
571
205
676
26
748
939
688
286
850
89
659
945
373
68
273
73
214
760
129
931
115
690
563
362
374
429
998
345
715
218
984
178
510
105
420
726
517
600
402
688
363
313
784
954
851
498
375
735
878
201
140
140
342
602
716
969
772
256
226
811
851
711
432
176
277
39
267
244
332
464
887
777
987
636
635
935
576
510
280
663
39
375
453
595
969
942
400
294
797
115
695
869
65
670
286
16
385
437
716
273
986
671
386
257
594
167
777
107
612
868
512
845
208
825
916
760
400
900
52
857
799
511
35
200
902
428
93
484
676
416
604
509
715
241
149
241
545
364
529
987
152
104
402
244
634
618
36
448
140
395
172
270
373
894
296
642
585
51
417
522
499
760
578
330
687
275
509
42
501
81
860
899
858
516
230
920
391
742
732
314
161
314
786
901
296
201
72
151
333
872
24
885
259
519
96
949
595
905
959
578
7
734
450
2
877
93
846
597
128
688
772
3
523
182
59
583
434
919
797
815
510
508
772
728
951
127
191
141
205
931
189
332
989
505
357
222
401
989
213
702
365
991
873
258
84
896
961
632
424
447
891
982
314
281
130
976
962
896
22
31
802
401
569
303
241
22
207
916
107
263
8
888
809
810
136
150
837
110
35
118
541
352
386
139
820
511
737
32
580
570
954
708
130
716
939
75
998
807
736
255
83
491
747
452
873
312
146
804
953
999
26
243
492
841
297
693
10
133
184
579
915
328
412
104
10
473
150
380
266
610
382
657
437
457
302
614
785
696
85
168
784
732
318
476
824
833
446
510
570
180
546
43
924
23
118
18
675
298
605
534
231
681
135
41
809
42
558
451
403
249
890
129
428
982
601
771
701
873
457
46
170
947
446
609
9
373
234
444
494
703
652
203
457
693
384
981
513
994
341
163
135
759
976
888
291
213
72
781
265
980
600
309
95
236
346
982
865
358
474
307
173
851
318
505
150
386
786
284
604
757
227
199
97
575
988
468
858
151
926
251
765
59
102
108
997
309
533
953
167
259
398
306
573
733
793
582
676
431
757
829
59
110
323
43
487
529
900
686
775
296
732
963
238
940
286
957
45
80
374
593
405
989
581
786
597
384
766
854
169
946
637
656
10
245
510
152
88
657
945
683
351
737
935
513
812
607
99
324
995
841
601
688
108
706
881
889
787
971
126
903
849
898
40
136
823
416
202
295
110
221
827
713
87
969
955
763
552
353
573
779
126
836
53
383
888
964
673
543
418
137
955
144
362
661
592
801
916
418
909
878
806
937
600
580
98
420
796
756
84
564
873
993
950
1
543
934
976
253
619
281
687
363
368
393
312
349
141
5
10
30
788
571
757
497
631
768
91
19
660
141
218
321
892
166
501
429
149
407
231
212
876
733
578
490
38
51
89
908
924
20
77
244
803
672
952
120
931
604
706
98
801
518
369
489
857
428
663
917
261
801
815
861
685
550
1000
785
132
654
674
162
392
96
385
823
849
963
113
633
305
988
386
460
331
961
921
355
449
478
520
34
492
952
84
974
246
504
146
660
427
798
138
566
196
624
160
419
738
461
704
38
334
788
624
254
415
606
865
24
591
493
34
149
530
840
539
844
176
85
887
672
229
261
177
358
688
567
542
710
101
67
251
406
679
754
127
738
595
932
797
598
690
153
285
793
688
250
979
535
265
268
81
924
727
456
553
453
11
793
496
307
961
281
803
597
523
248
186
885
518
770
421
50
921
171
598
998
814
518
25
654
857
395
995
673
828
4
286
607
825
616
963
94
436
795
582
967
398
248
988
64
385
369
797
79
547
737
195
84
850
738
659
806
158
602
105
342
516
24
344
111
852
123
723
284
883
567
771
421
593
438
312
360
257
432
589
800
406
437
426
447
635
401
634
880
843
33
657
113
622
798
475
698
744
71
765
657
29
11
876
762
124
331
370
39
43
404
217
526
986
71
940
108
453
566
878
532
969
406
625
126
766
23
792
503
30
330
745
325
66
934
28
65
459
707
612
593
630
192
330
500
424
1000
37
444
151
517
165
321
151
338
330
964
486
739
616
530
94
767
425
51
267
445
729
139
396
646
912
34
823
39
950
580
938
245
431
716
350
489
579
802
590
637
349
783
370
483
382
473
917
669
131
420
701
564
298
486
420
764
148
550
856
779
509
239
87
185
416
749
407
803
84
736
426
730
717
819
959
237
4
360
172
663
605
50
240
706
711
136
979
67
666
396
601
983
472
114
412
52
277
725
392
679
612
176
399
899
773
994
545
320
815
481
291
1000
21
940
114
261
96
865
616
669
554
398
583
504
302
153
337
335
927
365
666
122
859
479
126
399
821
306
261
669
362
595
622
931
20
141
24
566
287
105
679
826
418
357
701
366
347
915
528
957
233
549
526
946
214
482
909
103
953
406
947
454
367
299
334
719
183
743
820
12
248
711
763
319
763
635
366
429
481
934
671
611
861
975
194
367
146
451
292
688
313
955
151
221
694
166
506
652
947
651
974
4
839
984
195
876
709
731
344
285
133
592
536
133
685
11
147
569
966
501
369
427
402
136
997
822
36
545
85
99
925
157
330
729
16
574
705
654
331
678
582
57
29
726
959
187
973
772
845
798
790
28
553
522
641
840
428
825
305
901
693
924
937
123
254
182
449
944
820
804
311
505
266
408
902
966
922
74
48
98
146
262
537
466
323
604
79
719
715
855
689
536
357
56
728
720
362
776
482
342
279
17
982
706
995
878
725
396
412
392
870
273
840
918
760
887
50
241
63
48
832
713
926
262
537
32
690
912
140
206
846
511
34
23
956
578
47
979
290
662
280
994
94
105
4
503
45
195
185
900
777
93
92
990
387
948
284
979
637
111
584
169
237
524
295
965
959
897
931
929
735
919
69
571
340
284
136
550
22
593
704
98
124
972
227
238
790
736
561
641
52
786
130
720
299
562
849
599
580
658
496
105
334
348
18
385
979
285
500
429
376
3
545
270
406
545
174
403
433
849
469
962
101
523
67
651
665
265
14
493
401
101
10
274
380
812
537
67
961
739
488
927
98
147
990
211
88
430
378
413
248
346
902
403
607
896
851
11
602
50
527
470
263
872
934
926
827
229
760
834
367
878
167
334
754
388
773
730
879
988
471
301
167
777
660
592
751
526
116
616
479
674
755
539
92
884
654
868
407
29
814
910
549
70
779
862
924
152
143
389
409
817
229
343
778
220
204
822
194
984
669
946
506
805
586
522
352
921
540
865
812
784
25
686
119
50
925
998
44
929
994
49
261
72
62
587
379
464
156
142
964
494
71
490
893
738
404
208
261
704
943
676
392
203
893
383
81
247
871
371
913
893
186
991
117
872
778
436
637
724
200
113
989
795
448
485
836
534
244
743
388
2
99
578
320
913
706
83
751
384
268
604
170
43
571
685
344
766
394
126
827
823
720
757
689
537
180
923
3
736
771
98
141
824
526
66
678
620
301
533
874
943
450
22
582
268
850
648
196
587
891
883
314
261
693
912
582
451
700
21
789
99
584
249
734
399
1
557
279
273
689
853
889
486
71
665
755
231
182
648
783
453
545
21
131
870
804
306
167
729
972
36
171
765
704
745
460
352
437
50
190
39
808
153
599
680
157
219
742
11
372
225
170
53
522
252
464
545
854
804
214
20
504
459
393
761
339
69
329
398
299
628
497
407
100
68
430
821
920
407
753
198
672
720
989
662
187
499
129
391
413
810
157
9
652
869
871
283
468
707
210
856
117
510
893
146
508
598
759
430
671
288
685
813
722
720
753
134
798
314
684
928
126
40
483
167
839
587
823
620
22
886
164
822
766
317
31
405
535
203
197
813
677
352
677
980
678
580
845
393
220
294
355
188
417
887
188
847
981
738
548
281
107
623
926
25
983
58
833
586
854
56
784
549
136
436
823
301
841
539
282
786
391
361
629
437
844
967
181
16
898
285
271
545
520
472
272
618
668
763
848
166
998
546
628
442
610
689
254
204
261
393
513
233
183
167
197
224
947
990
990
971
521
325
396
540
81
927
522
375
158
370
595
221
925
314
33
598
575
6
728
121
784
557
210
479
792
242
854
338
18
161
244
30
136
26
615
712
195
542
439
419
700
932
456
832
896
218
87
536
168
23
61
726
969
843
120
708
909
521
996
96
197
148
938
346
697
171
130
377
650
560
271
924
990
305
766
615
374
419
140
238
262
685
473
555
826
55
298
202
396
94
514
669
64
411
665
745
449
312
685
306
122
318
660
217
464
317
140
110
970
303
109
671
544
619
441
420
174
583
527
905
637
758
356
677
750
845
393
206
758
265
234
839
856
346
428
176
747
366
67
632
33
975
929
809
964
425
798
71
239
156
59
269
311
817
414
403
122
146
492
451
405
449
801
996
972
503
496
961
756
386
670
474
491
83
458
37
166
253
162
591
683
682
302
421
332
978
21
744
575
345
653
787
928
735
165
18
95
351
290
733
20
763
855
917
347
21
888
6
659
945
604
218
623
763
829
939
235
731
228
244
873
395
804
368
682
146
580
66
17
353
558
788
815
93
925
341
606
713
433
169
920
117
292
386
502
50
636
390
833
211
79
642
770
132
116
562
706
822
958
730
529
396
353
678
868
370
307
84
945
796
140
463
290
790
633
466
906
784
96
302
560
696
495
712
521
54
940
45
662
797
31
682
219
529
251
241
802
870
969
21
253
514
526
183
203
118
587
50
986
947
833
212
336
672
267
49
120
432
611
312
838
837
886
953
755
878
388
429
248
531
989
768
572
834
426
30
485
548
326
268
418
414
503
321
564
127
763
912
674
490
408
668
794
10
538
876
426
760
226
990
398
162
125
658
149
78
245
715
853
160
488
867
24
847
846
760
535
928
546
9
388
714
280
60
487
855
568
138
995
395
629
638
290
633
195
850
744
516
692
207
855
100
397
942
366
958
424
60
154
125
196
95
798
343
995
438
773
77
717
421
704
803
699
39
582
926
771
147
54
530
142
218
766
724
589
153
390
634
943
78
813
463
453
92
900
77
455
310
821
656
926
973
952
515
749
385
431
278
924
709
511
667
625
870
754
245
26
642
584
855
854
955
839
757
529
573
550
748
860
857
409
256
439
591
398
979
798
642
904
911
126
820
561
989
533
543
159
973
645
651
29
410
255
837
983
552
568
785
801
815
818
249
573
764
59
68
969
213
136
163
759
35
922
713
53
351
326
673
230
768
581
68
9
926
473
153
710
368
863
619
925
329
286
92
833
234
276
185
389
338
948
61
930
743
944
344
125
737
415
162
592
263
558
410
595
523
622
631
979
849
901
80
551
381
696
435
473
140
318
145
758
240
311
490
88
178
73
653
25
484
609
480
880
719
120
236
392
650
792
575
619
373
149
576
502
707
492
338
383
138
760
66
515
200
302
830
306
761
921
703
473
163
362
679
848
1
830
37
476
191
348
823
486
954
261
565
310
392
119
301
351
48
367
469
45
369
184
960
609
856
578
853
656
667
565
912
254
21
103
986
817
859
247
353
337
22
2
861
147
644
837
963
448
877
260
959
234
506
579
865
246
451
486
308
279
26
60
152
348
553
821
625
686
8
502
583
737
408
517
58
397
782
875
739
694
698
437
23
548
473
83
500
538
106
343
178
15
456
773
715
826
623
734
166
988
96
782
991
628
29
936
293
442
658
338
81
959
679
59
435
442
463
162
970
973
390
574
955
97
809
138
698
770
891
338
898
873
415
686
622
90
972
937
885
881
834
669
489
91
505
624
67
490
684
343
211
409
540
212
78
442
787
834
718
35
336
701
533
85
886
714
43
579
902
460
655
372
127
870
656
311
218
246
718
664
308
115
733
748
779
838
890
806
466
48
788
139
564
704
386
546
464
111
513
981
854
737
897
811
638
169
345
442
925
470
929
808
742
990
892
641
695
670
693
690
73
819
865
246
333
114
786
782
456
890
917
608
813
420
158
757
973
344
425
817
199
590
738
75
653
356
39
336
456
656
337
211
309
52
207
568
470
352
569
889
731
511
527
125
325
162
759
104
597
600
323
417
50
133
311
654
619
615
182
642
271
832
573
25
810
248
505
448
520
111
989
397
387
54
85
700
940
930
827
460
913
829
947
262
165
978
327
434
168
213
158
756
559
449
15
727
500
197
134
846
491
619
450
25
779
755
461
223
127
24
164
966
881
569
683
277
915
576
372
354
256
34
603
735
69
154
875
659
9
501
35
349
208
668
508
280
980
555
879
820
988
1
76
603
241
424
77
92
21
673
827
877
83
173
110
441
691
51
878
682
492
611
909
912
993
328
270
726
619
662
612
976
692
463
174
678
577
715
865
164
961
622
789
989
258
542
531
344
711
951
657
157
646
961
918
90
99
556
758
606
954
762
86
843
175
392
824
239
640
387
322
152
414
183
211
169
652
76
570
620
645
756
177
226
60
637
231
141
553
738
11
232
642
595
656
459
308
106
391
680
556
949
203
631
764
650
415
18
550
938
514
544
926
552
543
637
563
227
515
638
26
409
991
129
122
147
396
108
980
660
41
347
843
492
798
419
726
453
807
408
246
733
232
417
370
572
266
698
69
378
736
329
910
398
617
433
508
271
355
598
583
249
793
619
869
533
826
210
489
255
968
396
899
454
11
378
337
122
447
934
740
539
122
192
813
812
796
565
217
886
402
36
170
734
512
968
965
643
17
544
958
234
565
262
448
308
434
1
952
234
623
687
287
717
382
958
183
240
564
972
292
876
389
647
426
37
836
328
239
850
334
354
769
163
193
529
155
474
336
96
124
46
331
160
952
156
908
363
42
562
53
334
356
542
518
578
648
689
606
128
146
604
37
2
109
715
170
724
121
435
603
547
67
508
84
837
226
694
275
998
402
989
670
403
911
64
971
255
196
696
819
434
414
768
184
878
116
386
861
106
191
935
549
139
880
620
415
836
545
85
693
247
118
34
260
1
780
627
197
50
519
741
679
507
588
295
34
215
613
105
812
545
56
952
184
187
858
947
512
207
4
632
903
121
108
536
303
374
784
161
110
706
302
330
60
264
452
136
498
864
969
469
309
272
457
225
216
827
228
801
240
594
265
917
96
102
108
199
473
246
287
88
984
57
906
761
384
933
837
509
623
622
668
619
961
801
405
43
226
669
642
502
768
551
707
598
790
160
56
446
888
651
984
448
68
104
243
676
279
558
307
216
16
608
508
599
820
138
2
835
521
422
352
227
227
284
583
403
626
261
17
77
293
473
867
421
626
725
234
539
304
10
13
780
796
125
97
602
530
341
263
98
590
419
853
318
986
272
887
82
24
310
257
58
229
226
250
889
26
869
803
965
906
266
678
537
939
953
781
654
484
733
357
608
487
299
140
429
726
413
693
535
964
922
572
223
176
40
144
56
554
527
335
909
859
267
480
522
518
364
636
91
671
24
386
100
597
962
892
630
644
6
86
550
485
712
483
20
502
919
402
77
381
243
833
749
464
86
360
784
893
141
990
939
628
615
992
517
755
763
687
915
560
154
552
57
805
142
81
730
409
895
246
147
126
212
673
788
42
638
306
592
388
755
313
280
137
916
271
884
13
799
141
562
674
