507
586
992
911
389
682
321
217
379
471
378
657
795
715
124
594
131
735
823
593
832
427
602
539
121
403
697
83
262
195
597
605
929
332
537
448
427
133
519
283
986
437
231
35
793
165
74
859
536
560
39
194
158
196
763
697
766
81
339
355
913
221
113
663
864
64
513
854
504
248
858
667
952
586
930
867
898
320
979
1000
553
461
572
60
538
493
302
707
661
305
863
504
619
195
209
641
68
732
632
920
643
204
905
669
244
904
830
257
820
24
659
164
718
390
681
387
645
562
315
758
816
979
644
314
51
26
263
911
200
708
579
375
676
774
720
313
996
334
229
371
141
803
167
843
663
126
317
392
517
51
780
276
662
145
150
24
498
348
31
141
321
240
432
867
109
739
104
299
395
442
766
295
449
148
676
92
239
8
438
982
379
91
548
739
562
222
795
929
590
219
713
265
132
656
114
272
334
895
777
433
846
458
201
741
676
39
637
252
783
584
408
70
837
76
725
762
210
795
755
757
413
261
237
214
214
78
366
524
145
821
783
260
26
283
138
148
285
610
246
467
145
400
277
729
292
522
272
173
288
236
467
342
84
687
464
217
57
21
893
866
567
940
769
496
276
93
577
520
264
908
932
929
760
368
663
152
955
584
244
30
811
516
572
5
497
879
157
645
767
692
312
176
352
534
330
550
59
487
639
965
774
62
224
734
160
478
923
425
249
994
682
879
367
225
57
421
905
522
282
804
251
81
852
444
526
663
825
828
837
978
916
513
970
400
507
755
625
150
274
231
10
366
198
789
832
288
908
897
724
747
117
21
496
258
744
506
79
252
56
534
642
997
628
935
739
486
770
796
264
632
322
259
370
747
632
316
467
205
823
405
9
721
7
264
262
325
433
168
315
666
155
367
929
995
386
547
439
64
417
841
660
367
617
788
973
815
209
395
510
506
300
554
987
859
957
60
181
598
264
974
934
83
391
189
183
644
604
542
355
492
933
928
464
708
408
81
9
996
568
516
890
254
707
278
985
53
56
936
34
884
909
466
710
410
503
659
77
883
349
515
13
782
957
354
171
145
646
439
785
545
38
538
9
729
724
283
390
356
345
184
720
631
804
674
476
644
162
292
787
155
856
784
849
926
611
922
918
755
426
764
226
585
355
406
554
71
198
997
463
978
212
315
494
806
136
182
453
743
150
308
85
79
873
212
514
655
722
664
422
330
931
774
378
601
993
128
663
392
528
172
400
178
8
687
375
548
732
496
491
953
564
539
552
921
126
146
765
897
805
174
291
1
300
259
133
675
534
563
382
837
88
348
60
655
467
214
164
1000
349
233
279
628
285
938
737
555
841
971
778
708
734
117
806
919
594
613
732
870
734
250
589
967
790
168
539
547
446
875
451
215
301
882
357
215
925
88
187
371
751
93
118
65
24
206
350
308
410
7
764
837
405
188
742
308
690
14
317
776
553
298
810
299
413
24
675
376
885
525
237
718
977
191
836
629
646
219
20
206
201
36
995
952
214
64
237
947
907
536
308
714
84
763
209
274
682
986
260
440
188
645
546
738
776
195
998
200
368
391
371
589
156
19
515
228
177
787
747
387
779
376
551
562
73
845
386
517
282
807
792
10
867
206
911
537
620
326
443
378
436
968
746
623
668
416
594
646
538
575
461
19
515
664
16
930
723
540
472
723
546
620
500
945
29
807
600
48
283
127
649
453
225
259
917
252
387
85
178
449
570
307
245
608
55
403
91
390
451
997
135
310
299
995
325
292
572
291
116
840
118
95
759
60
767
241
891
992
145
491
56
898
520
352
314
789
529
344
489
558
623
408
957
579
642
448
842
89
8
565
831
168
997
532
753
301
93
910
478
273
980
474
500
501
334
215
335
295
217
525
839
103
851
697
2
649
913
883
443
988
192
482
373
837
836
305
17
408
372
870
148
256
452
440
651
499
647
89
139
265
228
555
214
262
35
73
920
819
161
30
92
323
475
37
425
701
469
736
620
885
915
429
460
771
110
610
732
432
615
199
286
764
757
525
467
86
393
115
740
340
4
550
431
411
596
427
920
695
199
413
202
831
425
669
694
706
406
595
276
710
756
406
306
554
195
230
978
24
295
776
776
929
136
888
708
73
130
736
332
391
784
593
508
674
157
84
541
494
191
95
488
967
510
243
66
421
825
389
183
471
523
459
938
109
490
164
351
48
891
224
268
218
639
497
640
259
902
15
687
760
270
551
990
452
487
798
509
233
605
583
715
364
199
948
300
755
81
648
319
667
326
887
85
861
705
377
766
213
789
71
155
957
932
477
111
681
307
803
170
102
477
828
40
160
687
62
9
339
939
577
250
96
100
552
390
693
643
127
203
115
243
549
590
455
926
305
933
5
850
437
803
629
245
189
51
582
990
768
78
63
420
300
518
938
247
738
428
243
265
293
769
364
747
929
720
772
466
535
62
247
250
719
160
333
965
754
520
71
891
775
459
438
795
342
908
529
446
290
291
48
831
39
159
45
720
559
240
598
738
897
790
977
839
910
797
511
764
226
771
752
635
615
998
120
195
391
344
288
783
435
814
389
342
259
276
613
950
300
768
931
412
329
83
228
990
530
582
577
995
367
111
817
458
573
345
60
448
206
951
301
981
90
462
201
682
820
966
491
602
830
348
238
514
479
535
715
838
608
248
792
639
66
640
753
555
607
553
529
828
555
694
531
568
850
182
880
718
904
885
680
806
394
603
933
302
205
655
638
393
458
880
740
805
457
537
191
936
785
346
326
451
234
143
731
826
157
429
731
234
195
318
830
382
311
676
427
69
383
713
177
411
729
318
20
62
958
970
329
977
220
76
577
780
174
644
722
161
581
683
603
772
644
782
841
457
837
867
942
256
13
498
958
321
698
276
250
430
987
856
997
432
40
149
784
88
280
630
546
717
341
617
533
139
752
321
773
742
583
106
224
60
266
947
645
517
565
108
457
558
407
442
835
410
739
255
417
250
903
412
63
163
32
31
950
833
771
455
23
522
667
324
341
896
616
477
987
680
958
604
127
968
559
347
695
904
845
725
34
613
851
846
348
374
867
757
183
627
989
868
883
577
101
358
954
203
476
475
553
681
929
330
917
763
332
137
182
592
379
869
858
118
370
481
944
719
186
973
112
185
225
416
256
646
165
611
199
455
834
864
49
135
404
882
833
734
373
92
687
545
230
462
978
993
840
709
258
579
587
190
974
493
51
469
323
960
458
840
742
353
527
16
441
14
452
698
403
509
520
791
460
262
207
857
746
226
48
907
548
38
107
472
102
237
270
661
204
194
232
586
552
75
963
670
206
866
848
669
634
153
520
83
753
610
783
362
584
617
940
300
423
560
557
16
907
977
679
805
223
706
413
294
581
236
439
26
267
517
187
565
276
239
797
764
594
260
274
118
141
495
614
837
49
886
367
283
697
926
883
259
442
917
647
12
553
214
301
841
703
58
82
845
690
742
34
964
778
880
311
981
530
916
932
511
869
506
236
175
367
38
141
794
67
805
997
365
174
639
348
756
349
912
614
389
273
294
294
781
107
690
263
313
303
451
551
304
712
76
520
307
981
246
612
391
596
821
373
953
408
123
613
31
601
529
187
906
79
145
720
996
918
72
818
609
952
992
285
746
131
745
890
966
192
880
264
172
573
998
954
590
598
609
163
817
202
331
545
509
750
853
368
39
98
275
943
687
727
499
557
699
563
624
43
334
115
785
223
862
980
663
150
917
251
895
473
725
720
248
244
302
180
963
16
802
970
571
138
391
343
41
662
429
110
408
397
416
939
828
777
459
54
201
575
453
152
932
312
353
109
945
99
47
341
671
556
22
481
36
670
646
395
165
132
791
695
629
536
258
744
245
311
666
144
701
745
475
909
638
933
878
489
248
36
827
106
391
435
761
930
930
922
416
939
962
284
638
856
674
123
899
239
428
298
360
220
746
960
835
685
75
272
198
158
341
762
879
254
749
794
536
681
453
718
759
676
371
342
887
281
296
244
775
767
796
605
554
5
696
313
236
924
220
708
893
619
249
27
464
444
26
787
184
160
431
868
684
814
863
394
194
847
422
66
428
86
519
147
314
263
588
236
885
648
345
707
259
439
712
383
93
590
503
664
398
760
253
70
694
225
191
315
470
845
384
129
214
941
856
855
185
117
414
580
29
995
591
628
617
597
744
505
788
819
620
184
116
60
144
793
672
387
497
82
558
142
151
623
761
636
46
421
376
223
469
449
576
57
21
932
812
60
449
523
998
105
668
285
796
109
429
804
816
585
394
38
986
179
371
694
221
539
722
285
323
738
245
726
926
145
666
19
441
414
411
276
480
727
337
737
118
173
415
383
508
496
494
155
749
559
563
548
620
722
56
734
45
952
790
519
982
389
210
562
151
344
677
636
43
450
577
886
602
38
300
577
84
900
19
352
866
125
977
579
330
395
123
422
2
816
117
3
619
665
713
667
867
742
51
422
107
678
426
331
617
218
682
29
956
153
973
256
83
418
944
515
879
492
722
645
832
618
696
374
534
112
419
351
747
966
639
745
449
762
925
135
318
878
908
783
224
532
168
349
553
558
542
400
835
242
932
596
364
337
536
324
968
655
249
303
775
977
473
917
872
777
377
576
287
18
719
879
772
840
927
252
884
160
998
86
546
496
13
275
689
42
569
997
411
543
921
49
387
500
378
463
52
363
991
983
542
722
791
497
229
163
656
794
549
314
829
491
364
348
759
363
596
531
672
895
390
569
628
869
665
75
943
729
123
470
869
571
141
903
42
540
94
650
471
693
819
141
935
90
283
249
552
382
187
884
478
9
739
743
155
264
611
253
299
470
304
889
608
516
384
533
482
561
55
452
61
237
879
256
361
676
71
880
132
709
797
575
365
766
998
215
383
63
374
689
677
742
730
42
292
39
684
256
78
961
667
834
12
230
369
699
697
606
222
219
358
373
659
574
713
662
627
514
827
516
459
688
816
883
507
727
75
597
825
515
87
999
566
370
945
402
881
931
817
754
41
722
735
98
367
615
372
328
479
996
972
927
850
558
188
3
16
863
602
9
433
272
70
689
939
443
357
516
84
806
686
952
607
369
755
515
961
582
537
930
639
746
347
212
479
580
312
585
737
422
337
667
43
68
438
778
347
584
856
894
650
502
633
176
119
923
465
220
163
497
112
597
348
954
474
209
424
406
419
73
842
242
715
64
639
977
507
103
144
758
812
212
364
716
608
381
804
181
710
488
289
119
77
569
296
921
707
821
13
403
156
921
649
749
66
226
538
379
789
555
193
958
902
17
977
676
508
664
581
293
629
934
319
49
304
643
30
767
253
602
101
368
345
197
459
109
782
233
561
42
879
705
989
886
441
460
379
185
376
219
28
595
580
774
650
111
174
659
900
261
18
303
440
47
855
919
830
493
901
635
94
588
273
702
279
900
466
434
748
132
248
108
893
260
24
799
357
651
304
23
585
977
495
702
506
941
925
714
602
165
414
841
841
147
825
579
994
259
800
632
978
490
455
706
652
355
447
406
698
444
558
261
747
157
572
598
236
415
150
628
13
136
625
937
636
900
736
332
574
755
245
751
800
435
662
712
881
6
419
89
1
261
854
431
122
97
290
154
743
35
779
73
290
624
177
748
530
22
352
480
93
834
391
385
377
144
824
848
737
553
148
873
98
135
813
410
573
611
571
13
710
646
349
157
711
274
276
248
986
794
390
801
810
637
394
166
394
311
691
879
412
590
602
652
334
449
320
300
308
550
56
657
786
763
95
797
733
139
347
352
474
608
115
648
450
147
406
231
396
952
197
230
118
814
909
619
308
938
232
345
362
836
599
681
638
936
586
262
230
634
288
226
363
761
284
23
610
756
727
679
129
220
292
835
297
193
582
154
142
389
92
533
915
624
329
13
281
211
656
260
121
241
361
481
9
27
633
939
629
306
539
62
904
132
957
546
887
414
616
40
783
135
400
660
365
567
500
679
424
335
111
494
324
959
651
745
464
762
399
235
433
698
961
896
430
742
116
305
240
885
321
397
402
600
692
313
485
793
134
650
655
557
705
388
252
179
129
29
761
675
797
548
115
745
167
211
439
106
118
913
709
332
457
600
113
397
682
578
212
234
2
923
415
639
57
754
960
964
102
306
976
557
659
449
459
629
778
97
470
573
251
970
156
251
335
205
416
13
95
96
849
348
954
45
798
435
836
761
239
493
39
611
740
637
446
153
639
461
58
903
256
924
227
913
535
625
680
18
71
652
660
452
650
884
653
255
911
54
654
876
645
742
884
442
232
530
971
285
105
568
434
542
465
859
4
990
844
177
804
265
594
458
479
55
539
2
181
327
12
208
540
494
35
112
543
160
262
730
661
955
783
769
503
47
435
417
807
356
820
281
361
565
607
433
218
593
792
261
107
907
29
666
351
199
67
870
119
875
630
33
125
583
933
557
69
280
290
530
983
228
495
807
628
672
123
675
738
501
234
973
210
817
159
784
146
384
765
841
479
900
166
944
103
788
977
402
842
475
969
279
915
274
525
385
812
223
249
33
899
886
974
174
81
565
269
526
500
834
327
679
259
635
424
502
278
796
23
429
546
619
377
397
555
618
973
495
480
383
933
785
744
580
425
463
106
788
733
122
786
748
435
817
763
274
744
597
420
736
182
900
884
202
715
464
41
920
465
662
105
718
551
705
951
644
991
289
909
672
944
76
848
801
747
763
258
1000
937
439
110
681
1000
865
241
680
838
654
54
194
694
866
493
42
895
362
164
826
966
320
953
778
13
999
356
499
