551
380
190
573
707
593
644
392
998
608
172
292
235
948
433
395
397
635
26
801
703
692
409
880
327
659
377
694
433
263
933
811
444
497
173
277
462
977
296
628
483
309
454
745
244
296
340
320
869
367
801
269
217
468
347
518
502
608
114
130
6
710
139
247
43
39
970
470
305
883
185
946
639
290
594
479
426
954
365
850
801
415
15
100
917
472
55
986
258
842
7
246
340
789
274
333
527
436
527
626
976
167
835
7
858
481
136
905
926
861
333
399
482
233
53
619
784
774
965
191
970
770
169
298
919
90
685
840
181
206
24
699
799
478
805
358
630
683
537
294
338
733
103
933
741
607
518
30
452
312
653
894
67
661
988
35
760
246
527
766
369
558
804
279
147
725
145
302
587
549
836
832
81
104
342
815
372
405
116
161
906
464
659
442
551
546
537
591
280
351
192
582
311
20
388
881
969
212
92
328
371
180
466
2
647
506
334
647
26
541
575
760
407
199
28
423
720
626
782
611
37
62
176
111
94
773
334
758
117
989
881
360
494
413
739
816
422
418
838
773
652
955
516
215
530
219
547
919
556
116
539
598
512
776
214
3
968
202
671
852
566
61
510
201
519
597
184
227
770
292
951
343
258
223
540
934
465
942
629
61
150
951
532
936
195
374
974
599
16
74
185
957
420
449
264
489
400
912
429
590
381
93
272
928
848
848
487
27
763
897
460
431
482
178
656
707
542
160
106
137
636
534
544
860
846
46
675
148
554
714
343
602
201
874
934
728
351
241
23
769
730
596
233
39
117
945
754
527
976
657
168
686
974
439
688
319
165
342
379
78
691
608
24
429
9
984
30
265
481
68
693
514
591
469
381
408
469
393
991
600
12
113
607
8
564
619
283
483
397
327
934
144
428
925
769
867
561
957
530
82
995
569
367
244
459
644
717
69
649
724
918
998
804
434
7
860
421
502
158
136
298
374
614
346
659
592
151
333
561
866
440
549
540
542
77
853
964
188
810
325
860
789
991
922
964
502
467
103
595
46
693
86
441
294
732
299
785
575
27
191
112
589
935
825
912
169
545
993
65
283
689
857
528
223
179
198
214
93
493
876
620
859
2
128
995
123
152
632
664
804
816
164
282
771
814
367
684
43
803
665
865
983
275
14
331
219
780
325
557
308
432
884
299
277
850
940
792
819
699
823
423
709
394
365
963
490
940
458
11
124
178
816
746
620
333
425
97
866
485
85
840
325
390
356
9
879
383
219
923
71
262
1000
582
960
364
838
945
329
36
300
76
961
557
128
650
733
355
506
897
830
131
107
846
891
981
248
390
777
59
11
447
876
538
433
953
953
586
931
670
607
270
731
679
554
448
577
48
603
940
898
442
509
318
495
30
853
782
859
398
402
904
950
660
271
754
281
132
938
815
136
993
90
357
219
491
211
163
31
904
275
385
453
205
696
162
299
398
880
321
294
496
256
512
706
213
743
280
736
562
202
236
646
254
342
446
905
482
94
262
364
229
510
423
648
32
249
285
912
165
553
78
224
417
67
43
402
726
631
44
239
313
620
857
524
206
397
861
660
253
533
301
737
945
305
4
236
409
507
944
733
579
329
123
69
566
198
850
8
516
624
731
266
834
943
591
113
399
950
447
436
751
334
135
930
189
294
670
883
150
618
245
437
90
366
813
462
989
880
530
49
231
583
25
188
440
772
889
752
617
333
855
283
271
1000
368
39
873
770
905
522
934
590
78
705
649
872
935
901
87
328
163
824
673
616
498
47
345
193
120
202
807
359
108
208
685
978
698
586
709
352
284
233
455
602
108
345
819
946
796
63
880
731
358
578
55
803
175
31
206
639
15
313
812
531
568
72
498
9
428
791
101
88
969
7
207
740
260
767
399
665
738
584
772
666
99
816
430
20
241
993
260
589
991
320
505
180
614
304
467
615
278
938
800
618
374
740
759
229
521
379
724
658
340
868
956
660
50
27
650
570
723
94
579
28
232
742
144
905
219
881
125
973
464
143
518
141
819
639
957
249
908
909
452
70
153
866
685
568
818
389
961
837
317
64
633
810
126
361
895
720
200
254
823
579
135
278
816
401
87
54
272
535
218
837
553
479
606
49
771
801
669
568
41
50
74
297
475
52
234
456
198
593
949
727
756
218
828
498
570
933
219
285
961
147
556
664
848
978
757
207
978
337
704
375
328
728
742
856
69
189
434
600
262
981
278
84
904
137
687
778
765
262
850
865
103
52
417
760
119
330
294
76
150
581
388
103
656
877
994
532
931
175
307
920
738
889
706
13
501
946
887
955
440
772
854
486
789
647
477
648
975
96
562
904
629
18
593
883
883
24
81
394
670
193
207
214
303
537
689
908
252
581
559
653
422
513
202
946
739
921
480
440
325
416
778
7
315
667
265
440
671
681
247
766
129
727
727
445
875
535
29
230
315
982
157
332
97
50
81
410
443
175
624
404
797
946
61
624
718
160
328
482
330
326
28
398
600
196
416
312
262
357
2
258
839
422
421
739
623
777
958
55
501
254
331
361
24
378
311
691
103
501
758
910
419
677
728
193
341
444
889
701
836
98
689
640
127
691
901
764
465
630
565
599
375
745
732
384
395
776
920
348
963
806
652
974
14
283
928
510
529
833
57
190
4
593
560
351
512
853
953
327
775
848
472
814
207
275
372
796
924
788
342
819
123
261
607
649
306
886
592
440
503
304
846
241
951
675
441
609
335
766
611
792
743
596
251
331
225
624
25
975
867
891
718
881
31
740
250
186
27
318
242
992
117
747
59
952
975
399
48
536
946
696
37
784
334
496
60
191
312
653
235
206
58
511
145
85
394
628
410
176
181
763
938
1
63
839
254
31
579
927
351
792
224
81
97
631
591
560
583
863
489
959
418
530
505
505
685
807
201
985
737
444
600
462
594
516
955
230
455
715
671
745
524
17
950
150
627
428
261
7
350
50
450
590
605
83
321
84
933
580
961
263
122
30
175
600
205
586
447
116
290
661
980
841
224
41
64
711
486
646
312
765
667
936
573
527
683
317
155
312
616
739
702
757
463
598
359
724
82
463
646
417
401
829
520
63
811
187
775
755
876
676
621
997
446
133
319
184
890
549
287
333
75
903
188
841
18
917
177
143
319
752
865
647
236
35
784
580
166
603
833
258
12
283
511
199
699
771
745
669
477
650
450
864
266
148
341
192
731
310
429
775
434
794
655
795
377
201
667
594
329
290
135
229
911
643
177
679
731
501
470
81
231
567
269
815
813
194
720
526
442
502
230
329
139
330
64
238
417
549
257
232
328
83
803
794
408
324
243
461
122
419
184
881
476
555
561
401
871
833
754
635
788
683
452
759
900
800
657
962
234
957
330
823
47
917
591
586
11
35
893
371
538
79
632
813
366
581
232
267
253
793
57
887
472
952
984
120
702
542
849
505
509
391
586
660
21
980
421
161
108
778
28
866
208
848
160
574
653
533
892
155
842
903
956
11
141
738
728
653
27
68
881
741
111
780
642
72
227
743
410
888
373
275
48
728
50
235
843
490
44
545
838
653
900
795
224
321
752
17
770
675
397
844
343
489
454
177
446
39
508
35
918
718
536
254
558
966
722
437
773
793
807
341
982
268
409
228
615
542
279
522
374
973
281
99
300
589
863
598
452
792
832
661
265
842
149
313
545
882
261
78
18
841
74
69
588
838
147
960
933
535
377
940
849
682
427
156
719
23
648
126
200
473
571
224
66
46
22
304
9
257
884
822
652
139
809
156
593
501
412
456
51
252
232
76
444
260
667
973
600
927
716
341
397
862
98
209
627
125
590
284
330
35
955
825
473
984
286
658
440
366
394
559
480
513
749
183
335
32
40
757
580
504
245
716
536
670
419
260
697
663
57
411
970
574
554
93
278
109
819
242
370
854
136
64
569
833
684
150
995
768
592
239
154
599
523
331
652
40
330
131
508
254
81
636
809
20
914
703
171
716
155
927
577
923
664
517
701
739
338
562
543
129
403
212
649
739
461
99
378
247
138
743
888
472
320
506
978
472
862
652
662
799
273
92
209
17
681
715
226
874
742
511
941
113
935
736
839
815
640
9
963
59
756
854
278
639
649
43
591
447
96
376
13
160
951
246
666
167
569
33
512
856
143
74
254
869
593
529
834
45
771
901
156
821
257
896
705
852
198
881
620
753
26
550
660
544
831
885
74
636
1
326
712
997
100
494
357
275
680
848
770
733
671
782
861
171
769
556
710
420
619
532
726
804
163
882
754
750
116
778
484
485
101
879
876
537
745
144
532
9
590
703
197
64
352
321
428
243
813
273
230
727
787
626
481
615
277
922
768
41
268
887
501
744
630
458
527
506
835
218
1000
111
926
153
891
747
430
39
447
464
315
180
655
24
946
722
906
493
13
767
368
512
373
448
477
736
158
22
558
457
839
552
980
236
315
257
998
997
657
626
510
617
424
30
827
34
31
986
879
309
365
428
130
942
538
232
898
979
507
52
691
868
924
620
280
860
581
340
249
794
482
130
710
727
107
974
274
748
361
818
241
339
910
159
428
983
437
672
503
154
355
855
108
583
209
658
709
634
596
557
162
955
477
320
436
798
873
52
847
467
733
255
941
823
365
538
629
252
818
677
225
70
523
836
474
32
103
961
776
78
62
146
953
193
674
402
334
180
804
940
812
599
789
892
654
385
491
652
282
137
228
996
369
626
189
953
934
116
788
201
808
253
105
339
291
619
39
462
193
531
68
46
161
269
35
27
506
399
724
510
373
927
756
921
959
124
999
406
817
807
821
729
643
680
543
472
805
894
161
730
877
910
856
481
260
661
157
684
735
679
617
829
445
370
758
672
711
992
538
16
790
259
523
952
808
698
690
810
334
56
715
711
927
109
186
286
606
447
223
739
386
322
18
96
209
516
718
549
605
393
382
678
349
234
894
732
849
120
686
309
10
736
991
733
115
57
582
528
857
921
738
222
702
357
354
874
952
516
508
932
203
127
247
426
568
718
452
334
964
858
191
786
305
347
651
325
26
392
666
613
132
623
266
816
614
156
83
888
123
492
780
325
846
100
844
914
186
824
434
730
67
430
478
325
930
922
127
603
981
884
527
316
299
887
445
934
668
130
438
694
75
188
492
453
454
36
863
351
661
789
442
79
180
529
319
258
417
554
987
929
960
852
442
143
871
685
249
288
739
975
684
368
712
322
241
505
615
775
319
536
924
338
78
729
881
709
978
280
749
361
165
871
340
368
139
787
980
652
925
288
820
444
864
225
160
724
191
802
462
70
606
260
497
316
343
449
224
595
490
486
7
242
229
391
525
49
15
709
873
874
101
885
850
46
77
58
88
122
993
517
478
326
714
19
727
895
460
989
209
866
880
713
780
83
207
356
466
484
219
686
135
59
173
836
354
484
295
229
363
194
64
101
167
334
233
433
663
663
614
62
875
462
316
29
887
634
680
725
943
699
260
824
170
993
246
732
623
600
760
689
752
132
20
577
285
83
830
409
796
137
736
737
148
539
225
218
193
724
234
91
717
636
182
801
415
659
212
73
338
731
339
95
744
914
815
580
186
166
116
408
695
685
487
384
133
614
414
268
280
992
595
814
840
914
168
222
565
196
782
530
690
527
87
311
287
26
9
219
545
944
170
21
450
73
368
389
806
609
732
769
956
818
430
541
410
395
460
868
487
720
126
77
135
988
810
963
647
226
765
557
870
179
16
97
907
637
474
343
385
53
713
760
929
897
587
8
502
733
938
32
694
474
221
72
117
933
301
894
181
791
77
353
81
708
948
404
115
999
113
198
830
264
457
639
883
206
831
135
142
707
456
32
765
712
118
747
343
276
369
859
444
376
320
391
121
199
676
708
341
173
540
220
281
736
203
977
594
594
635
937
577
399
963
287
896
364
265
853
167
735
713
127
685
930
103
335
439
809
908
71
414
921
450
497
60
196
28
598
190
876
178
643
44
428
341
186
882
812
319
508
524
299
474
14
815
48
749
171
229
175
914
904
576
693
445
928
285
175
122
85
375
602
201
558
363
105
794
544
590
343
357
412
635
865
220
513
222
299
590
347
541
324
841
579
827
928
633
158
252
374
413
300
945
235
742
71
576
308
173
401
787
567
665
561
308
121
19
989
377
329
543
800
975
803
91
106
165
913
113
31
319
100
104
911
552
351
20
300
78
884
980
386
430
827
612
290
162
770
573
578
531
720
833
853
181
720
148
373
524
291
408
948
103
781
956
59
171
64
290
476
825
264
697
528
861
206
820
572
612
829
54
467
889
469
283
528
584
826
426
990
879
465
909
963
199
408
496
311
379
836
203
979
493
317
271
581
891
34
287
630
843
281
10
934
891
365
400
918
401
724
971
150
117
852
149
786
209
80
952
974
410
774
858
447
475
819
931
159
207
276
408
61
819
590
252
108
516
207
350
121
515
634
365
787
240
854
834
669
755
98
445
949
410
194
414
318
543
497
327
514
140
491
873
504
927
888
753
96
770
941
835
905
195
39
235
561
521
483
964
585
148
638
591
564
494
391
943
584
956
115
910
265
653
780
726
697
440
378
739
867
933
945
306
664
334
589
300
276
924
513
883
19
702
316
606
858
785
344
898
602
77
587
920
232
662
752
483
552
349
180
823
446
315
693
771
802
959
718
212
479
801
246
620
1
651
2
740
657
954
867
103
957
69
637
203
732
588
605
904
407
737
362
645
800
702
723
642
824
751
876
440
456
160
43
450
825
999
377
152
502
131
860
74
731
28
608
481
391
275
202
149
329
861
243
593
70
827
864
453
683
889
41
910
209
814
205
760
942
634
530
484
492
846
722
460
525
303
959
384
473
586
953
663
464
235
171
74
495
616
215
265
126
686
398
805
294
408
155
349
294
263
733
663
225
330
48
561
462
491
509
655
141
661
545
576
20
856
425
296
6
177
783
503
251
281
849
875
289
212
794
417
928
779
559
473
765
182
75
446
693
381
202
499
320
798
361
852
182
82
116
677
777
514
861
731
646
257
762
241
494
436
269
939
481
205
874
196
63
872
723
372
118
579
315
278
826
223
347
465
716
472
601
665
503
860
22
646
872
935
227
959
69
118
789
185
69
440
20
125
414
896
737
737
974
983
129
326
690
447
472
15
54
756
548
766
134
297
761
114
258
240
717
144
726
592
464
898
686
666
197
564
651
211
173
528
499
320
400
223
154
689
712
78
731
652
328
986
632
166
801
562
362
524
871
47
805
801
587
543
404
649
808
70
181
746
189
121
34
667
722
125
968
276
941
227
232
212
783
351
364
26
482
619
840
577
820
55
781
77
841
163
775
354
600
739
973
793
943
705
489
501
872
797
843
936
601
221
471
6
173
700
897
193
49
426
793
922
9
278
406
178
709
782
200
780
61
924
198
601
710
316
766
398
185
1000
670
650
332
548
143
569
967
105
411
834
191
276
87
772
755
872
632
917
267
745
67
790
990
187
200
74
606
407
485
780
996
679
55
96
825
260
540
105
990
763
199
893
706
533
500
243
137
878
337
657
176
401
367
464
591
782
838
832
698
598
970
543
863
228
468
535
588
211
849
166
413
165
889
285
880
848
950
62
704
756
68
862
199
619
916
859
297
434
779
555
344
243
283
959
823
230
377
949
209
256
570
611
118
594
414
362
70
848
206
405
164
59
895
498
662
798
849
223
773
751
85
920
70
904
865
57
346
654
858
476
565
389
6
735
169
88
996
847
387
595
342
678
370
746
254
562
740
416
787
666
165
162
930
621
605
922
752
460
169
165
52
667
541
256
460
629
403
328
271
562
622
6
196
943
496
691
174
18
324
727
528
467
88
196
897
523
537
312
569
397
345
677
806
44
256
646
589
764
454
930
695
764
355
235
845
631
351
851
845
41
504
643
778
335
33
549
197
190
902
278
219
500
914
104
993
880
689
80
38
136
820
62
435
326
31
947
594
748
238
706
683
460
164
190
1000
710
243
217
756
375
827
517
75
403
937
396
735
899
266
921
808
1000
298
97
4
702
393
847
497
710
578
80
356
86
378
144
743
936
610
463
247
215
740
452
730
757
483
490
836
657
486
277
298
980
796
109
941
171
625
517
466
757
834
908
374
52
871
705
417
40
228
768
647
580
461
140
901
907
187
917
691
900
547
622
898
588
524
470
935
800
316
959
811
88
963
335
757
240
730
142
429
232
907
765
621
586
27
132
768
253
52
520
400
90
763
390
909
499
469
396
499
147
995
769
874
632
895
649
295
206
740
969
476
186
106
537
735
268
143
55
206
364
438
429
516
77
421
392
471
691
794
550
301
877
87
26
656
171
699
215
606
176
671
197
665
286
554
811
641
692
86
272
440
496
342
384
863
144
482
642
226
937
420
345
562
29
30
454
140
58
523
413
900
771
519
64
725
52
347
958
256
808
763
641
168
287
704
545
808
61
375
831
442
413
693
799
688
105
305
163
857
707
404
105
449
877
402
924
354
458
446
945
462
268
595
578
612
271
922
577
867
4
311
546
974
567
944
118
779
781
851
536
151
455
222
978
722
92
322
437
488
576
265
685
690
251
734
256
602
268
636
660
956
464
16
837
737
780
333
96
20
500
986
18
16
223
190
816
773
737
399
769
590
645
880
301
576
912
978
152
798
469
563
791
201
105
873
10
30
108
834
987
488
54
449
832
199
673
821
535
176
23
973
437
43
691
199
126
174
188
399
410
67
946
285
649
887
286
446
708
274
228
304
712
35
346
338
396
893
70
343
544
558
38
318
287
168
495
100
20
631
285
899
497
397
785
368
572
512
478
679
75
364
981
525
645
166
632
203
708
445
729
520
569
201
7
899
944
835
873
393
274
285
400
404
234
74
903
854
549
40
839
293
393
610
114
929
601
2
669
361
357
876
763
1
194
586
243
5
435
510
704
772
753
212
972
845
996
507
192
143
852
412
599
78
548
709
750
835
720
290
234
374
862
246
566
681
175
356
18
676
988
892
935
890
691
291
136
526
192
736
92
542
352
504
838
97
42
346
557
711
452
968
265
229
250
920
312
395
918
662
