753
554
964
371
86
523
44
601
179
603
247
631
497
861
413
72
745
175
753
423
290
977
822
649
280
728
650
255
859
934
934
267
248
877
404
675
413
414
279
816
488
295
882
924
726
878
143
842
140
723
295
948
200
337
983
256
730
254
693
315
498
73
515
55
763
521
633
493
976
980
599
338
185
306
179
437
869
915
915
180
539
65
734
299
747
171
193
825
707
657
257
389
791
421
419
882
254
744
608
280
146
787
396
897
439
49
476
944
216
935
497
455
30
418
32
126
748
1
774
15
201
992
148
648
768
266
268
82
213
260
988
730
902
689
8
586
471
799
85
173
113
455
470
353
237
455
617
523
279
488
287
553
951
546
302
66
834
52
165
544
626
55
895
32
588
262
110
291
97
158
231
64
639
821
503
57
550
607
982
410
367
805
240
949
516
212
561
485
17
303
814
628
922
899
25
135
169
719
218
921
704
706
869
753
121
428
16
298
846
728
310
170
278
360
952
259
584
737
964
423
477
959
62
145
378
548
511
48
269
875
104
402
818
723
693
309
191
212
915
679
880
211
787
88
806
93
901
444
603
889
352
330
591
946
869
888
943
150
943
981
936
501
918
571
754
315
603
468
564
703
105
512
612
89
552
207
19
218
596
535
918
297
789
733
68
49
400
106
843
183
56
399
388
535
208
840
930
367
513
875
192
746
623
218
487
584
863
992
762
132
311
61
340
707
811
861
314
857
371
248
859
33
889
621
517
636
366
135
366
233
163
152
458
966
75
156
632
153
934
303
573
962
868
651
508
777
29
331
90
790
661
558
725
88
904
793
313
306
224
842
943
162
714
466
787
990
794
916
767
866
646
880
868
954
197
412
624
576
992
500
807
187
584
931
423
812
492
942
105
465
375
234
804
132
965
601
6
398
157
478
912
37
907
163
825
612
101
231
505
689
569
376
101
225
960
876
337
8
419
369
322
836
369
370
486
327
695
917
58
662
611
464
174
153
731
932
210
369
935
165
122
507
339
670
242
462
53
210
492
879
423
695
255
311
259
895
698
313
823
975
830
899
181
807
264
597
324
715
254
343
706
759
205
703
798
622
128
173
280
392
171
534
93
546
665
198
111
869
645
52
956
672
366
634
228
665
264
536
626
132
152
100
883
179
538
279
432
409
522
43
356
757
454
484
31
152
482
305
819
913
912
975
676
577
330
96
350
943
84
949
764
904
333
731
784
126
240
313
487
729
966
182
28
850
143
677
371
792
629
354
571
891
889
114
203
737
285
651
86
312
394
815
764
633
362
160
728
894
608
229
26
560
96
256
183
119
426
369
143
888
450
680
307
25
689
515
987
855
485
305
45
294
592
872
766
628
85
607
168
762
424
61
334
632
539
286
703
654
808
459
522
493
770
649
851
869
739
870
626
646
26
641
549
371
751
24
32
240
473
202
800
573
526
529
372
150
510
287
591
219
970
474
702
475
65
195
293
856
258
48
86
618
205
421
937
909
57
460
473
234
450
331
49
453
545
375
538
841
867
454
83
97
922
521
657
17
975
883
446
889
563
211
766
376
654
627
760
867
517
751
560
701
682
97
707
527
40
494
334
451
607
559
617
320
776
901
280
694
169
70
982
482
563
798
510
527
497
675
219
913
567
126
406
146
855
793
74
317
370
951
223
920
658
59
702
810
806
278
603
658
172
79
176
754
719
320
580
735
210
846
857
204
472
733
884
438
384
530
563
143
172
859
208
921
80
552
853
743
73
583
29
80
35
900
29
414
346
513
857
632
596
364
247
363
806
702
72
626
65
506
353
618
542
120
210
290
938
356
956
419
134
133
335
260
806
758
28
457
492
19
34
827
244
601
199
973
878
640
965
455
802
291
438
338
433
169
298
830
298
817
75
187
765
376
550
226
205
627
290
523
340
264
433
526
452
904
677
319
708
733
971
679
658
794
337
389
802
364
401
563
903
549
689
558
631
62
123
759
917
550
290
973
785
720
168
314
965
204
2
948
722
700
898
89
32
681
734
548
383
398
609
644
546
1
754
915
354
137
414
172
225
931
724
766
391
274
559
489
393
106
156
191
959
291
767
941
945
203
687
660
350
683
393
871
397
639
800
342
760
980
832
915
742
855
171
624
447
739
271
661
861
462
352
281
546
856
284
868
404
700
646
16
377
748
507
971
675
165
35
225
731
547
827
681
632
225
294
538
785
468
203
763
800
380
361
145
259
101
869
266
527
6
812
876
744
437
942
346
11
401
890
434
393
986
435
871
486
668
490
542
461
638
1000
764
170
667
226
578
84
321
678
97
387
208
391
375
253
203
871
928
689
192
238
423
558
585
355
187
130
597
322
297
76
359
178
932
438
337
185
312
463
526
98
941
151
140
317
2
374
456
590
884
860
323
191
648
37
56
347
682
443
629
725
523
365
402
606
163
293
679
481
119
525
932
781
929
868
37
438
862
938
159
713
271
880
545
774
672
59
608
496
129
140
253
958
290
546
86
33
842
596
252
724
970
959
368
963
209
366
536
213
746
969
937
430
641
963
223
308
118
847
689
218
334
235
843
849
650
603
312
580
262
619
349
196
205
122
250
937
343
83
160
87
32
353
950
827
690
123
158
389
175
358
52
209
89
644
359
911
463
109
571
454
675
789
843
1000
808
260
468
63
290
227
378
548
829
584
199
387
150
482
750
730
939
503
399
787
578
807
464
491
524
383
273
407
661
268
87
888
643
530
733
591
96
26
344
671
706
243
435
430
763
911
741
369
47
841
737
365
889
857
690
364
749
663
833
314
444
417
167
988
683
786
627
653
513
256
370
466
694
372
381
914
979
630
196
163
883
928
513
424
327
446
524
337
195
566
106
658
695
948
65
683
352
684
173
633
199
240
421
39
361
570
264
793
418
7
987
971
917
480
610
943
620
736
188
598
487
667
622
717
116
897
582
696
721
302
942
847
422
274
341
486
5
748
889
949
549
431
843
326
641
978
982
877
827
645
53
921
660
145
593
699
319
11
501
833
179
227
801
841
555
944
247
816
799
150
197
944
791
5
471
911
422
780
665
843
597
50
441
114
477
61
497
563
398
160
931
377
270
818
660
427
676
884
322
614
371
335
523
126
352
527
998
65
477
430
232
966
172
923
959
466
1000
574
849
661
257
41
277
716
101
253
557
741
156
561
396
365
725
387
193
463
527
875
382
301
967
935
558
698
104
81
780
623
730
280
534
156
955
661
368
527
922
404
143
882
188
939
899
699
411
414
763
920
995
683
648
756
580
720
594
65
198
429
950
871
685
678
685
267
580
399
706
150
701
155
455
998
989
964
673
149
52
420
375
635
997
786
516
356
710
939
541
949
29
799
744
388
784
76
788
601
529
477
624
318
877
973
265
151
9
239
154
922
505
81
647
295
829
182
730
535
643
362
809
474
659
87
434
324
71
124
369
671
311
457
741
617
115
323
453
599
854
262
974
415
496
539
401
123
608
98
765
517
301
686
682
670
158
787
754
785
442
854
155
243
740
400
327
520
345
116
833
173
304
433
103
7
426
66
973
782
139
649
619
45
711
350
748
252
150
931
350
721
664
337
379
952
782
249
46
181
186
526
854
12
99
587
58
816
476
787
243
881
666
221
373
373
150
265
571
999
794
778
976
165
388
569
882
309
875
397
200
788
930
888
658
4
63
218
395
107
727
597
684
303
330
805
567
14
82
828
435
229
872
1000
265
240
957
327
668
972
75
516
746
197
153
37
250
102
177
84
425
410
301
602
711
110
974
698
133
19
97
632
322
977
646
696
253
658
111
28
454
615
867
704
707
540
511
290
958
682
670
10
360
666
237
118
938
590
449
396
274
342
95
670
78
631
727
73
836
23
854
295
719
875
906
889
790
220
907
606
461
279
996
373
102
517
825
211
915
68
897
534
64
853
392
27
796
447
881
636
3
972
829
964
398
106
575
490
333
388
100
62
449
92
805
488
818
565
712
632
573
456
771
707
499
323
903
314
384
67
163
913
447
464
130
775
481
65
987
132
799
538
525
344
930
324
703
304
530
828
195
581
309
936
642
741
155
545
824
799
873
777
817
783
336
600
851
711
820
629
198
335
880
732
265
591
324
760
107
429
569
34
757
981
484
910
391
818
333
36
464
318
243
362
346
626
182
191
396
592
821
743
953
296
511
840
758
150
858
822
809
757
156
950
299
921
642
745
233
265
908
589
405
49
590
905
223
952
55
609
516
858
648
840
840
180
913
551
362
749
413
511
293
415
223
275
161
541
272
137
116
874
630
395
878
97
279
783
932
148
12
194
48
802
169
992
208
429
923
402
302
261
845
14
854
340
389
572
503
92
92
506
403
789
44
290
897
552
650
749
239
327
701
622
987
655
649
346
300
430
126
435
354
390
472
455
5
878
609
423
72
597
242
65
401
343
586
312
897
690
900
425
865
933
84
661
576
725
911
693
387
207
784
302
37
98
69
674
158
217
56
493
253
898
719
19
235
940
466
798
11
679
936
971
213
440
957
876
193
875
628
535
897
982
946
266
906
933
886
511
970
723
935
754
605
803
21
913
198
69
735
665
287
922
448
505
173
484
105
598
120
98
878
777
11
59
398
810
654
494
144
585
443
877
669
927
524
704
250
762
451
374
202
1
650
702
718
79
393
666
654
17
635
882
275
347
386
427
53
389
667
368
2
835
642
66
964
261
734
364
341
321
746
173
401
235
960
85
408
250
214
133
767
153
186
549
45
624
675
205
748
346
465
323
564
447
885
302
867
473
932
8
53
910
649
509
299
849
905
637
45
265
519
662
808
70
698
202
439
74
300
979
7
1
890
235
738
819
406
129
883
283
406
675
66
908
351
351
92
600
92
539
104
474
916
177
111
464
333
873
326
557
432
993
144
71
59
28
74
758
125
752
486
610
415
966
725
793
603
498
49
186
703
876
328
847
424
994
768
372
106
436
257
847
354
398
722
337
273
70
860
973
710
116
577
6
686
675
960
737
865
626
689
630
878
683
138
812
326
387
797
98
305
300
790
942
524
676
815
181
775
267
278
469
767
275
6
643
48
186
633
968
661
477
189
166
338
596
705
837
228
279
151
613
440
31
346
233
463
669
15
444
10
736
741
166
770
798
942
456
258
115
49
245
565
422
584
887
835
968
994
81
414
779
306
690
622
216
602
8
460
869
884
649
622
81
301
37
452
251
212
892
192
682
47
78
177
529
548
916
15
424
483
236
842
926
982
483
731
843
179
14
648
55
657
873
824
166
916
106
515
636
284
298
878
895
16
204
844
721
987
442
568
545
865
36
875
501
49
713
929
992
231
331
825
57
514
859
72
945
840
549
445
784
477
681
785
529
242
190
571
208
391
291
295
371
573
54
863
251
652
688
862
538
94
330
954
501
42
948
143
127
295
601
333
418
664
715
363
463
801
755
913
574
583
872
51
594
87
695
702
768
170
880
443
14
657
740
947
208
204
877
437
556
506
270
916
687
920
955
144
282
125
45
573
4
680
416
852
242
246
17
813
494
465
21
689
968
282
524
272
741
508
666
774
686
992
885
612
935
547
357
534
741
624
846
205
1000
377
918
916
242
358
195
239
376
169
830
395
461
686
485
904
122
206
101
941
910
57
759
103
559
201
775
90
294
485
570
405
183
924
774
86
489
80
403
545
453
271
369
685
695
56
26
846
212
495
147
132
96
790
2
102
289
520
624
505
269
733
844
134
424
101
305
525
231
130
170
127
935
44
138
399
132
583
808
1
691
107
665
325
619
794
390
433
625
102
474
207
492
359
635
740
863
535
249
437
602
27
290
292
796
756
379
359
543
828
488
440
330
458
53
933
246
233
815
217
864
157
578
138
443
980
683
323
671
307
547
356
379
916
986
75
7
354
672
396
609
443
35
892
720
85
671
202
157
578
616
793
850
25
78
155
175
172
849
578
905
736
215
263
944
84
75
871
640
378
560
613
525
199
278
72
885
283
949
487
920
391
631
640
51
834
414
516
430
408
226
638
256
755
702
398
189
808
130
275
652
932
305
966
655
646
627
39
175
363
127
652
128
917
32
421
709
92
181
504
109
170
651
613
578
395
131
181
345
889
129
402
980
287
81
632
172
352
151
69
671
308
222
512
186
5
173
941
683
748
19
935
174
45
386
565
52
113
840
468
778
643
601
512
941
864
838
144
475
249
66
234
312
7
415
108
600
633
54
646
846
502
720
255
100
185
579
800
913
993
617
133
995
819
767
724
965
319
470
582
525
235
552
573
476
331
385
864
210
767
837
515
747
724
212
460
337
495
345
18
298
901
925
985
609
26
505
978
925
643
613
443
846
634
11
384
614
732
697
725
747
173
873
539
941
196
929
928
392
230
643
258
932
63
646
200
97
243
550
938
847
675
393
172
981
885
643
739
619
1000
788
298
687
811
258
487
742
552
425
401
490
539
924
410
525
319
980
951
497
83
376
257
446
212
171
521
629
318
667
245
747
810
389
584
594
814
26
690
909
432
971
499
795
757
776
606
971
578
209
391
869
942
259
74
545
106
393
971
89
925
853
346
868
470
201
920
705
571
61
334
983
11
731
703
432
77
191
357
491
160
982
601
496
78
71
533
136
28
291
923
566
403
255
244
838
102
298
394
877
642
622
308
687
330
876
403
258
241
806
464
100
747
63
463
938
637
975
732
944
4
677
785
388
926
771
182
612
104
578
284
538
941
685
681
717
78
979
896
911
51
694
474
464
637
483
40
218
438
29
841
658
498
364
468
490
440
634
235
62
646
574
709
927
31
91
706
65
151
310
42
225
271
286
703
588
565
999
149
581
145
288
805
219
964
9
971
352
668
949
122
639
435
831
470
472
553
918
207
406
459
336
75
804
418
191
990
720
72
697
140
740
596
729
665
540
987
692
751
603
568
868
190
34
343
725
607
470
686
582
14
727
829
393
231
365
664
93
895
928
241
405
622
251
621
427
934
903
583
708
22
892
368
323
706
923
752
764
161
594
496
123
967
378
413
140
410
660
587
786
30
580
857
166
959
269
830
821
102
227
831
368
622
373
827
760
497
699
707
956
978
213
530
679
729
381
252
218
134
648
613
155
513
934
387
303
919
495
797
321
150
866
336
603
243
853
781
964
154
207
240
989
394
913
42
722
104
295
892
84
982
853
307
172
14
331
621
643
798
340
381
462
264
917
746
828
212
168
206
433
308
164
39
482
461
128
597
988
566
509
612
426
547
922
955
81
575
88
741
747
591
211
278
406
395
97
145
212
963
361
36
563
390
326
777
905
220
833
831
705
398
530
130
513
733
556
591
93
784
632
378
904
694
519
518
923
158
966
933
657
64
421
357
362
890
347
623
321
131
25
428
533
110
256
132
642
535
966
183
350
354
157
280
656
144
599
253
335
4
629
626
220
585
325
463
567
845
40
455
894
528
528
196
846
702
871
406
672
382
953
759
292
987
310
193
920
861
531
363
527
307
55
296
183
16
356
635
833
803
969
215
572
467
487
600
725
744
793
986
384
472
238
841
998
286
963
650
197
262
312
873
269
920
375
744
869
176
900
70
958
960
726
278
240
472
691
296
59
383
457
191
694
627
17
947
742
20
86
440
805
927
183
603
523
816
649
758
207
805
98
650
880
965
409
556
123
1
272
594
505
287
593
698
773
873
335
536
402
158
53
884
874
772
922
355
579
847
538
277
653
70
778
54
858
773
115
871
740
537
679
250
474
635
317
510
652
937
13
458
343
50
488
215
524
619
461
639
378
754
433
670
581
736
161
28
896
276
106
510
331
825
744
646
594
68
197
814
998
197
937
560
744
804
813
584
587
87
754
345
731
91
205
536
949
611
979
121
652
36
338
680
369
142
29
554
922
187
668
224
822
769
579
231
6
257
598
456
885
372
769
96
199
218
132
669
837
623
953
129
889
483
550
53
921
1
42
135
790
997
959
737
668
943
404
948
763
76
238
49
465
101
360
185
104
434
891
318
7
173
58
593
231
139
948
86
402
34
476
940
365
14
612
487
812
339
54
545
298
913
432
102
340
387
158
399
78
981
285
877
786
981
849
847
996
869
314
565
541
323
868
138
917
252
830
643
364
232
983
480
581
89
110
978
638
941
89
321
892
688
333
773
38
375
725
434
686
180
132
698
46
855
933
924
36
7
522
430
485
516
993
199
214
942
813
4
847
540
642
784
231
723
355
877
311
528
956
624
150
22
315
799
671
736
20
735
265
852
272
80
930
835
231
745
416
144
950
623
349
491
327
915
482
980
398
24
877
387
443
635
62
967
698
118
181
686
838
871
921
642
383
846
81
142
315
398
557
837
828
270
353
633
912
462
686
387
696
772
838
635
671
739
24
933
509
313
346
555
171
972
359
281
170
238
427
934
887
321
407
414
638
994
970
700
92
602
859
64
657
467
746
530
82
663
865
703
507
980
474
783
36
596
455
689
820
447
972
509
155
639
668
25
37
163
982
809
725
416
6
831
70
170
250
900
83
694
359
313
124
829
450
874
304
158
698
40
957
23
602
650
547
826
267
865
777
777
86
629
385
773
797
23
203
580
160
9
306
728
983
970
828
306
89
925
180
15
402
416
611
177
125
31
732
988
752
92
568
574
642
194
464
354
119
117
370
716
584
150
141
352
911
654
365
442
287
278
770
240
451
659
381
543
632
187
277
755
873
441
294
200
195
906
747
925
761
225
156
326
430
912
294
642
381
909
110
329
835
519
215
307
205
946
287
515
705
728
791
636
799
566
957
133
539
543
935
659
745
176
936
274
482
989
403
339
545
629
64
578
160
918
556
136
399
147
189
250
577
816
731
91
388
637
126
660
674
668
386
236
94
368
119
826
711
670
979
397
390
34
326
883
148
983
355
521
897
560
64
736
995
606
798
282
375
939
844
468
216
803
303
302
707
90
794
904
988
987
181
802
832
335
466
900
968
132
781
63
130
596
68
442
64
810
878
811
838
935
554
349
689
305
991
628
844
825
824
447
518
541
726
274
279
432
618
845
215
963
365
598
822
809
491
176
325
901
244
616
983
504
179
501
83
52
435
83
235
435
584
885
289
239
417
543
658
270
349
92
368
238
818
684
901
504
527
128
681
618
114
325
914
957
529
739
266
388
788
932
940
911
538
718
884
293
153
434
504
901
758
689
535
966
784
136
524
462
571
991
910
221
901
42
340
198
840
65
27
103
77
174
569
25
183
322
33
387
646
388
93
426
700
59
271
752
354
221
745
947
537
711
516
931
578
887
607
188
364
517
937
760
244
976
530
974
697
427
517
278
952
290
958
18
771
393
97
266
440
907
671
820
140
737
376
613
99
153
8
894
744
457
566
156
107
187
258
114
955
440
395
353
333
294
160
33
808
711
322
381
387
505
63
7
621
472
508
274
552
968
250
939
940
289
782
719
809
835
667
717
316
445
900
428
362
114
54
596
888
9
744
430
515
267
974
700
34
263
308
769
860
723
883
711
52
943
822
642
542
404
154
312
766
565
745
120
817
681
970
409
372
730
963
740
383
100
50
844
392
312
173
657
500
277
901
328
189
471
951
989
44
722
763
733
271
298
649
355
512
463
222
822
431
43
795
530
423
939
144
883
133
392
586
633
906
613
635
378
907
155
97
981
552
74
682
740
176
64
301
725
347
847
136
309
117
803
295
227
488
930
423
754
350
761
123
89
190
436
708
5
52
212
693
164
675
876
268
584
869
323
540
45
131
104
887
478
976
852
536
364
15
638
872
958
21
497
215
633
30
289
487
127
523
958
466
738
521
256
53
778
186
843
214
257
540
76
174
951
256
30
803
160
856
880
149
295
427
753
288
380
406
809
449
939
524
826
293
930
629
210
244
729
87
592
893
400
145
534
931
287
409
916
471
652
165
751
455
596
250
302
39
562
582
146
515
927
966
540
566
207
767
606
59
777
872
667
871
612
303
161
673
674
301
966
834
668
855
536
278
141
966
96
634
943
857
279
758
783
68
116
802
109
130
955
739
812
750
192
568
630
948
676
830
221
903
602
234
580
305
760
241
580
263
554
727
42
553
606
656
783
71
949
392
296
673
427
499
858
271
840
853
161
484
1000
176
779
692
261
414
216
743
639
91
20
572
550
728
282
323
410
583
707
24
798
446
370
693
849
620
650
222
746
197
139
539
267
500
172
788
615
402
931
937
581
692
102
187
969
674
681
994
559
902
102
744
597
97
84
898
793
73
807
609
187
814
42
195
423
500
862
462
261
4
428
266
424
510
30
274
212
814
867
829
823
913
522
955
483
780
569
680
934
18
857
363
999
236
722
14
864
66
980
260
464
164
159
771
785
426
723
769
166
264
375
649
549
74
946
133
95
591
201
420
304
260
443
340
621
781
716
130
107
996
512
528
863
303
635
668
790
652
929
799
346
447
682
697
457
278
52
988
268
962
249
734
782
943
136
700
173
853
939
694
5
44
504
468
742
664
294
561
944
617
372
814
8
220
685
538
101
370
910
901
512
379
758
836
869
739
195
107
778
653
957
807
758
866
703
849
141
986
423
585
795
372
529
307
525
316
4
677
946
230
88
550
997
605
369
594
429
912
353
221
831
676
184
932
173
872
471
861
914
524
431
288
945
85
366
347
974
340
443
810
448
479
919
598
543
306
251
219
98
739
604
365
410
861
507
83
777
121
871
916
817
86
443
620
245
27
730
111
652
554
949
390
801
130
57
915
727
739
232
901
376
196
273
52
470
738
730
259
789
320
372
9
534
702
154
538
343
109
722
8
777
609
552
529
466
989
280
859
116
316
130
190
336
21
557
20
730
379
419
375
208
346
554
9
978
292
76
428
410
125
299
733
145
105
734
425
693
860
622
409
247
912
319
301
909
329
574
303
968
777
922
596
759
3
176
503
889
633
871
685
976
224
746
424
972
780
994
720
974
307
46
2
987
155
496
229
199
794
462
89
865
767
940
956
834
590
21
645
719
699
367
944
377
294
436
158
502
352
342
538
797
827
333
176
741
456
112
281
81
936
893
909
862
338
749
685
666
350
656
982
699
863
772
197
172
287
424
47
411
791
720
432
675
919
933
344
728
209
17
857
72
129
456
895
72
796
90
587
891
555
108
639
996
626
360
27
228
617
488
635
248
573
541
119
789
726
392
636
313
946
37
447
215
744
146
899
293
853
576
543
630
712
150
701
683
430
747
93
79
422
10
259
95
604
47
363
385
236
166
579
432
261
583
666
679
64
678
550
157
928
244
140
548
685
358
908
718
610
145
86
579
227
65
433
175
143
693
401
61
665
481
78
159
33
435
724
226
778
389
365
720
208
456
525
852
997
530
502
474
825
900
175
121
791
304
402
75
814
346
86
527
692
776
319
750
529
268
140
34
469
589
361
837
393
116
624
890
721
481
666
447
125
872
593
30
366
689
366
78
117
313
817
409
681
160
520
224
910
232
596
734
596
738
551
983
137
720
788
392
621
363
76
971
95
40
884
984
937
505
658
475
946
137
376
107
220
188
178
613
20
882
44
551
400
238
643
870
575
355
177
494
336
278
538
639
235
552
206
855
192
579
421
643
153
399
719
99
208
39
374
944
511
61
32
912
86
593
945
919
255
743
142
686
109
626
598
948
626
979
253
429
107
551
306
86
38
183
192
898
196
581
811
745
764
882
131
737
535
858
697
542
494
180
202
295
756
63
440
299
895
370
683
867
861
63
176
598
258
436
631
682
928
755
829
707
406
815
173
270
702
914
74
900
928
486
352
445
187
470
582
828
466
139
469
792
316
799
413
742
447
172
608
152
807
122
602
743
332
525
270
865
801
870
247
312
300
254
772
225
367
979
559
52
903
846
556
287
230
316
162
411
655
826
113
919
583
797
60
525
212
669
807
231
57
70
828
728
182
895
418
454
533
206
230
262
98
230
401
937
247
718
126
865
784
686
572
380
78
260
637
111
314
968
481
553
613
225
268
910
94
726
139
481
832
516
772
397
863
246
212
128
259
915
767
653
844
750
889
551
858
729
812
235
226
57
247
141
792
735
5
831
477
85
55
846
105
56
165
277
785
688
589
659
491
353
925
569
734
787
483
466
889
864
879
688
15
458
403
402
864
808
158
260
290
290
87
707
916
780
513
497
581
667
634
290
458
641
965
110
263
355
768
815
829
598
692
674
988
72
784
432
952
909
636
360
652
933
47
997
481
198
263
664
987
527
872
505
310
523
923
126
169
32
808
47
659
126
851
609
62
430
155
160
52
138
797
899
342
823
21
310
564
535
808
815
591
489
243
127
509
918
267
702
758
926
963
551
534
601
641
838
852
928
876
285
375
267
490
85
561
476
453
671
671
644
858
364
761
463
197
193
189
530
502
392
213
457
185
723
646
677
201
173
99
283
251
690
408
249
509
877
526
736
441
763
179
801
670
10
164
945
635
771
693
594
776
881
196
505
954
632
696
368
447
880
253
667
141
650
592
455
301
310
410
982
187
949
388
667
601
581
382
554
305
694
44
848
497
995
582
900
661
977
21
208
10
423
983
11
123
159
11
990
422
385
174
916
716
385
866
234
678
921
237
887
462
187
229
785
327
522
36
461
36
893
145
333
904
447
261
250
998
813
159
582
141
441
256
842
727
270
119
912
844
260
583
318
2
930
126
889
627
274
255
41
33
783
340
724
617
540
560
280
689
462
174
160
485
304
342
626
951
852
841
473
837
597
861
355
450
734
5
453
635
830
172
808
410
429
154
842
621
960
621
529
780
283
530
576
560
306
705
47
601
921
92
355
59
59
171
682
247
547
110
382
4
597
828
628
947
26
919
351
553
263
408
463
648
939
155
133
509
299
478
418
16
317
337
32
894
171
513
117
415
761
936
17
978
542
118
861
992
106
639
948
956
40
574
958
440
908
378
989
279
34
314
567
851
916
816
860
639
954
218
77
992
56
21
530
151
440
728
55
94
764
604
325
63
502
824
307
720
906
975
939
345
536
78
837
212
381
825
847
198
245
422
864
738
178
26
885
531
14
212
232
136
728
640
347
848
331
295
180
624
502
791
881
530
755
331
933
509
772
237
613
734
604
532
283
568
549
290
963
809
467
490
375
602
393
835
811
119
837
895
915
909
381
395
863
192
794
855
408
163
787
203
252
772
859
864
887
419
714
775
483
521
755
781
468
546
661
522
49
330
87
534
630
7
697
687
9
680
880
746
235
526
658
363
980
681
708
808
548
136
452
513
686
852
692
816
367
979
672
672
245
30
777
827
982
434
900
733
846
842
384
219
223
919
968
19
734
372
304
739
735
971
648
815
488
300
161
795
67
705
487
252
211
778
520
410
142
568
806
295
209
566
980
398
266
950
279
959
515
367
507
218
741
171
661
304
190
181
559
382
651
668
446
522
305
260
713
481
360
123
596
778
773
207
511
360
931
808
397
324
388
961
788
312
238
812
66
253
461
71
318
821
994
485
475
700
362
805
804
356
673
801
818
352
848
69
448
187
870
188
666
760
800
856
331
585
538
454
675
687
501
527
295
106
377
868
959
592
692
615
904
225
951
589
209
929
215
339
213
630
249
152
632
326
817
339
894
552
103
611
391
270
165
104
192
89
194
591
8
832
848
376
262
990
195
273
447
424
866
945
380
743
613
611
550
325
692
345
689
495
591
758
383
569
471
778
510
100
965
736
116
522
340
569
220
298
554
276
992
103
47
736
736
985
585
860
155
359
490
530
397
57
554
208
307
777
834
426
311
452
521
275
75
763
226
831
371
782
442
220
562
475
526
14
67
65
316
459
74
5
850
806
614
125
571
412
304
714
645
973
63
516
814
577
375
875
675
277
232
364
106
271
525
643
163
745
753
340
64
457
622
795
559
632
855
486
727
980
311
710
654
671
338
193
26
500
550
673
288
380
618
766
523
860
819
238
244
61
540
48
317
282
231
760
231
226
916
168
527
350
564
633
414
37
633
187
478
698
453
667
770
924
334
147
971
150
253
972
870
743
861
870
403
565
520
769
335
780
590
111
325
115
626
752
671
794
131
820
835
21
181
848
951
177
558
417
83
292
591
227
267
469
542
78
782
581
581
787
586
423
794
981
734
211
297
183
701
378
70
469
1000
674
389
215
757
619
381
220
524
153
162
603
288
311
869
967
920
109
712
679
61
83
779
759
656
109
384
112
10
814
616
225
769
641
710
603
720
505
802
384
732
393
846
539
419
926
687
8
895
725
489
860
54
351
496
96
83
447
406
40
515
451
52
700
747
389
986
767
889
162
524
720
664
781
441
272
417
572
459
612
489
622
81
223
216
376
492
251
905
61
266
259
633
665
655
276
447
601
214
640
848
547
64
530
967
743
419
302
222
493
942
231
566
682
29
762
489
535
117
691
356
947
828
115
301
943
359
589
93
430
872
625
984
109
147
987
80
41
680
88
977
30
808
968
131
677
209
307
773
583
163
212
190
583
168
996
928
344
414
883
380
480
123
695
470
454
165
57
806
954
250
252
549
143
875
297
163
90
303
128
11
654
778
501
700
634
268
964
127
95
233
899
311
306
588
372
903
442
417
174
442
738
291
213
120
284
535
449
401
964
341
441
81
321
631
126
307
511
783
643
32
409
366
792
815
571
889
248
570
982
765
940
506
730
557
379
48
455
38
508
631
623
637
766
346
861
560
417
739
264
451
94
916
13
725
957
393
797
479
285
133
373
563
820
149
831
780
335
885
99
897
634
510
845
643
330
742
310
447
727
463
520
565
741
690
536
431
27
272
943
270
985
890
151
842
469
678
395
736
330
642
816
387
510
255
965
707
62
440
985
744
371
697
917
120
802
537
44
550
858
62
674
185
363
661
433
602
706
277
466
532
179
66
774
158
984
182
856
97
226
64
786
381
765
227
383
272
303
7
175
49
774
19
785
55
777
125
563
658
966
203
935
536
590
400
431
407
594
307
608
990
920
241
151
586
61
667
928
464
192
819
870
752
350
481
410
604
818
685
928
119
602
936
670
310
522
387
880
905
466
257
743
466
966
643
670
756
938
625
640
277
320
111
994
913
435
943
442
719
770
476
43
322
620
80
709
376
910
617
10
269
490
450
573
751
535
367
880
901
679
856
17
290
349
560
19
849
608
489
478
513
132
525
635
106
736
640
402
114
294
74
448
994
85
90
58
33
770
322
55
958
143
688
180
155
37
525
876
618
966
52
241
694
112
262
290
374
983
887
871
476
642
837
823
690
659
720
179
269
777
701
168
965
87
981
150
262
528
320
429
550
351
481
514
860
817
706
254
354
392
855
499
159
985
472
294
684
975
322
825
638
451
446
551
204
271
356
39
15
458
779
867
469
336
256
63
366
875
415
920
250
920
269
820
330
643
978
548
447
512
90
177
39
332
617
783
809
559
651
278
161
916
129
420
410
2
717
576
82
590
257
734
87
313
29
982
599
796
368
243
199
541
824
229
261
792
63
918
705
575
364
121
844
327
731
797
804
624
824
436
746
126
451
564
4
836
137
783
742
234
734
951
745
86
612
650
158
665
839
293
872
662
265
715
446
877
302
628
145
396
743
997
343
487
760
398
821
842
358
562
151
284
531
55
766
265
605
413
661
425
794
60
801
922
902
188
300
171
60
181
802
940
459
264
804
903
839
810
294
316
72
750
203
255
850
735
504
955
400
457
700
195
958
474
730
208
378
251
108
478
176
907
763
486
375
608
177
489
437
76
309
150
801
275
541
453
857
481
464
199
846
5
548
273
189
443
658
9
450
964
660
838
259
282
20
307
739
762
905
676
674
876
103
428
931
605
483
99
614
936
970
911
286
193
437
639
353
137
113
359
299
570
895
690
186
493
868
512
898
835
84
332
63
780
742
992
963
660
177
930
592
124
379
319
798
726
639
150
493
306
716
410
384
978
907
479
250
755
192
520
931
746
121
25
562
971
171
249
188
779
206
961
624
37
237
694
886
910
936
971
561
863
338
471
254
686
35
344
963
280
799
712
79
602
131
87
682
760
508
306
563
720
160
776
782
12
580
578
829
708
302
178
914
518
971
200
60
777
785
527
735
952
603
63
672
527
409
264
593
927
625
466
518
846
283
739
724
61
735
228
92
143
138
887
354
119
885
871
317
643
450
208
499
556
333
338
371
901
838
728
747
566
221
638
480
994
476
821
420
264
804
417
670
7
852
911
347
594
823
805
679
591
869
291
970
648
954
327
225
745
335
432
430
547
678
838
40
438
829
689
961
186
92
273
174
572
744
187
441
783
198
678
467
398
72
871
506
970
320
214
257
994
820
497
361
923
564
194
436
451
47
204
512
555
758
17
752
69
351
139
488
493
652
784
42
785
853
16
544
194
995
71
58
871
620
570
274
926
511
229
20
695
66
365
553
891
357
213
31
267
807
993
575
578
505
961
489
264
667
145
127
447
104
48
178
694
229
333
974
162
137
328
929
461
801
561
313
524
309
207
57
912
358
638
703
944
476
606
349
659
8
914
234
257
489
287
174
118
296
873
101
459
147
182
521
97
469
576
57
488
67
110
403
963
387
69
189
626
229
759
918
611
735
580
841
340
669
341
590
731
434
739
396
454
825
568
817
318
759
480
774
947
67
344
767
898
305
449
755
187
8
117
783
483
32
592
407
751
94
151
670
616
970
123
203
123
716
385
335
56
427
324
691
564
464
56
349
678
644
481
108
636
828
75
70
452
685
272
227
46
474
516
142
122
773
743
112
763
449
194
429
371
931
223
494
507
479
866
95
106
841
606
955
553
398
977
558
721
502
524
584
36
675
425
928
616
471
810
616
893
888
75
825
350
139
90
810
214
248
652
859
101
677
863
250
711
863
953
510
732
353
455
878
707
569
199
752
751
588
693
638
54
789
668
94
38
455
65
748
538
539
590
402
186
122
296
219
628
27
4
386
721
515
300
834
498
759
863
870
199
449
590
532
289
209
404
453
603
389
820
339
193
319
602
674
964
979
182
362
356
16
417
40
139
795
607
717
544
925
336
967
328
151
971
925
373
639
503
777
437
354
583
328
958
963
359
848
503
917
17
207
224
156
516
337
677
908
251
795
60
673
323
846
195
399
91
796
798
571
761
80
846
42
122
907
297
616
104
585
383
771
649
93
856
575
865
522
395
709
361
849
975
97
432
590
952
416
864
343
377
401
174
35
387
15
284
448
84
239
840
72
717
403
171
538
208
789
467
109
26
566
537
996
109
487
44
973
818
88
185
955
783
791
337
439
736
455
318
922
681
95
831
847
924
338
89
592
932
714
944
853
927
72
4
831
117
883
615
354
422
386
582
969
779
166
269
321
777
583
146
162
137
804
702
725
999
289
469
775
775
715
811
924
76
369
8
467
782
642
378
901
117
721
794
960
498
945
502
473
990
896
891
893
510
882
972
832
528
831
697
817
899
569
361
387
601
592
403
86
656
923
666
908
666
936
196
919
358
159
260
677
488
397
558
294
13
457
159
208
441
107
667
24
445
139
711
277
448
184
412
56
414
834
262
578
385
505
345
781
514
189
103
750
690
936
566
483
187
158
170
262
275
260
34
831
685
979
617
947
629
144
78
646
488
389
333
319
528
206
769
197
545
150
794
109
974
694
925
679
768
515
212
67
922
149
585
499
119
789
63
571
528
128
255
626
43
668
691
859
104
143
544
834
805
772
971
301
465
992
865
270
109
834
295
507
772
384
678
343
118
607
121
623
696
189
690
312
852
97
597
102
108
71
885
658
989
290
805
535
935
7
508
379
218
339
36
861
986
844
160
940
558
616
595
833
515
142
702
560
258
217
162
652
585
427
590
397
780
363
163
242
758
840
17
898
506
689
589
726
658
79
693
427
998
904
111
445
779
981
723
359
793
649
585
669
47
854
541
433
468
399
58
363
872
992
910
311
965
531
483
634
933
397
490
575
303
68
11
588
726
703
561
266
314
140
20
615
560
571
907
130
701
822
195
616
459
862
709
779
59
785
591
409
92
351
264
323
270
207
914
598
776
855
975
673
749
245
228
253
185
34
649
552
623
650
199
301
109
717
538
285
26
154
896
263
271
107
693
177
252
55
382
545
348
825
901
894
414
438
364
674
617
429
829
519
936
234
808
96
478
289
176
596
331
107
237
328
980
191
103
591
74
906
178
708
815
39
612
546
916
446
187
452
39
830
596
172
266
246
747
392
453
347
668
264
168
966
111
561
235
306
229
617
596
349
271
949
393
492
475
778
507
516
331
316
911
257
4
621
641
733
828
260
58
476
232
82
659
560
154
649
321
325
262
246
290
483
649
302
123
147
134
844
866
816
258
100
649
489
589
825
225
347
420
401
44
776
834
63
849
718
858
435
828
597
852
736
826
607
101
946
779
934
350
27
117
885
31
429
158
223
572
376
531
680
155
434
707
178
855
443
167
460
286
389
565
335
21
809
936
410
495
765
205
691
529
683
320
155
385
666
993
991
575
163
755
866
572
115
363
591
123
365
626
350
975
294
193
669
549
315
947
743
125
646
520
869
719
581
289
305
342
890
760
817
147
275
398
893
457
973
173
388
408
972
172
450
503
480
150
456
902
25
733
541
527
64
196
151
836
66
792
505
919
336
986
683
634
976
664
830
801
916
952
619
711
927
736
83
1000
838
730
880
503
171
366
589
426
732
56
701
661
417
466
474
161
57
713
189
982
135
493
158
168
822
503
50
509
830
50
523
876
400
5
775
292
432
67
297
748
354
569
511
508
578
116
709
324
674
890
452
922
281
341
640
729
312
667
565
249
79
846
830
619
338
976
131
976
76
819
133
175
519
764
869
341
760
259
166
185
245
495
679
438
322
447
862
719
593
865
981
709
788
253
643
529
193
803
339
918
293
201
706
971
121
248
984
900
834
657
144
597
94
95
211
888
802
768
705
314
465
248
94
832
977
599
707
151
876
218
119
673
303
134
201
461
73
562
201
511
871
765
480
952
658
775
616
252
981
909
495
956
305
875
331
837
484
35
479
851
886
344
247
546
504
906
528
927
922
374
461
954
420
42
496
148
838
799
928
468
911
986
438
974
413
753
828
434
568
627
545
738
573
616
630
197
618
492
315
899
927
249
846
308
106
848
959
406
214
354
903
676
370
366
824
154
442
576
148
288
895
127
599
334
366
240
99
868
721
708
380
934
114
410
696
205
675
452
902
313
100
397
947
658
528
173
120
432
871
147
5
741
51
408
461
631
732
293
623
136
490
432
509
673
646
645
884
770
920
746
67
851
28
186
45
454
643
537
733
249
131
93
336
785
643
26
4
755
130
800
554
882
259
589
671
44
459
803
573
203
863
487
986
974
736
845
203
925
152
338
241
195
275
484
66
423
95
67
862
957
446
688
982
318
165
707
354
942
936
561
391
118
265
454
834
761
698
296
252
445
769
879
845
717
53
613
329
395
636
314
33
788
351
171
280
864
262
911
989
292
477
911
409
785
218
345
798
920
385
157
463
700
542
472
920
242
711
460
400
759
401
982
265
539
800
946
588
426
766
551
881
211
22
675
395
830
566
342
220
193
300
231
652
934
226
130
125
715
533
436
896
600
312
184
365
339
207
234
101
426
666
336
221
220
315
994
951
498
281
208
693
75
490
653
763
991
22
70
915
347
465
26
137
357
123
369
279
612
660
656
747
750
927
571
866
549
108
96
681
619
183
344
673
804
141
591
295
867
722
62
168
981
486
997
659
870
959
36
829
814
58
148
431
95
977
173
710
924
590
463
934
414
240
552
74
648
394
729
181
581
237
706
756
515
764
996
58
418
778
683
989
477
827
99
983
457
139
445
428
565
49
56
923
403
60
409
332
211
87
168
217
606
445
171
213
532
289
762
558
277
258
770
141
769
53
824
550
641
332
754
389
88
732
390
799
175
910
177
788
395
577
440
224
933
262
704
777
920
280
351
50
412
764
456
259
409
354
808
362
694
534
324
15
319
291
842
597
991
127
279
901
890
489
504
44
248
767
853
896
409
268
499
925
815
695
774
218
785
481
460
944
213
175
395
135
947
411
159
259
921
324
650
643
971
255
824
922
252
570
782
971
530
528
652
268
192
835
491
428
275
490
695
710
431
71
740
345
46
685
178
247
682
275
264
422
685
715
327
188
148
50
347
161
630
406
614
739
95
50
967
443
338
760
518
205
966
520
141
853
494
911
19
948
97
367
365
330
918
315
177
735
289
365
660
585
592
611
7
243
447
924
804
302
626
594
159
593
875
983
541
740
523
42
149
934
202
644
418
75
290
455
969
245
444
923
904
862
891
943
288
428
420
131
142
258
933
656
796
790
541
139
663
527
418
528
74
944
820
998
247
873
901
127
952
609
837
473
183
927
146
71
369
158
994
555
668
502
704
881
