115
396
616
93
478
139
789
928
659
475
198
107
499
222
946
432
294
518
670
712
368
218
526
500
606
20
685
104
386
96
307
597
371
576
815
128
862
145
889
114
227
201
461
408
904
357
942
350
785
492
145
61
463
140
991
641
722
557
328
837
795
574
718
558
608
260
721
610
508
399
713
765
357
874
401
418
204
55
307
764
747
702
968
718
507
952
624
841
69
8
709
400
887
650
666
674
427
105
743
870
589
207
300
685
606
692
147
195
470
811
325
715
222
263
582
383
768
65
146
975
36
257
218
264
418
252
430
77
708
185
320
862
3
783
601
208
751
733
206
475
414
310
722
33
310
209
247
933
231
590
913
750
457
999
334
133
987
424
823
368
830
799
199
368
344
51
281
291
672
121
88
306
405
211
689
351
207
856
166
202
487
89
704
616
124
913
58
419
55
846
13
850
901
939
358
82
696
839
473
731
285
366
953
641
507
713
357
825
729
438
138
539
23
171
757
415
211
996
458
375
326
707
899
49
698
103
490
801
600
505
317
772
307
966
121
587
857
485
614
296
819
96
990
933
775
264
973
222
69
791
449
731
866
470
654
95
636
416
612
551
242
651
807
54
231
619
485
965
884
738
44
160
554
249
384
187
180
970
937
843
728
707
780
561
443
57
377
369
895
107
661
442
27
605
169
493
713
283
968
14
484
581
243
728
594
455
408
527
762
315
821
114
811
364
422
889
635
188
182
731
864
52
146
526
189
645
546
484
833
920
572
752
596
357
563
508
421
701
950
949
667
986
755
716
172
780
676
487
862
288
835
626
861
965
918
815
587
665
868
763
861
443
17
940
11
630
868
148
587
753
625
997
678
132
418
480
253
590
693
119
597
595
119
124
9
975
548
686
282
102
52
412
748
494
152
283
954
718
226
784
81
603
103
881
47
247
562
289
932
540
388
272
441
12
627
988
966
3
350
4
167
700
911
122
117
835
482
234
418
919
136
440
109
862
731
582
289
812
152
326
618
250
63
389
779
4
532
849
744
887
815
196
231
528
509
692
62
81
165
925
59
635
318
756
382
957
485
664
637
905
366
81
264
383
32
819
298
973
587
627
140
703
115
49
100
43
807
160
404
501
808
204
313
310
209
445
1
207
935
630
859
198
124
143
787
453
354
952
995
654
93
562
978
611
242
651
355
706
901
535
516
338
706
251
800
714
254
931
393
141
215
269
575
271
859
919
904
563
977
487
336
691
4
936
336
742
636
995
167
640
187
899
874
213
612
454
532
635
742
102
548
108
35
482
481
227
255
400
590
445
754
987
516
755
881
581
670
733
392
780
479
616
405
603
187
74
873
820
439
602
311
27
969
773
937
819
97
925
661
381
392
517
148
512
380
361
715
714
22
373
161
70
849
839
587
727
434
628
666
133
76
516
452
929
504
306
881
648
12
753
625
688
568
962
523
947
199
650
838
138
828
19
546
218
53
644
991
107
318
540
5
815
134
251
879
673
978
687
595
360
193
580
631
139
148
994
384
346
83
146
317
32
680
584
617
827
940
473
395
147
81
118
830
585
717
489
948
990
899
100
425
434
400
286
958
964
161
259
140
975
369
146
510
573
414
440
172
181
756
561
605
67
529
932
726
699
631
781
446
119
227
605
57
265
159
234
77
26
415
994
175
356
396
929
691
984
522
906
338
881
726
942
918
206
20
370
802
729
808
981
932
17
758
486
484
186
610
294
66
210
915
886
761
349
520
770
808
893
111
332
266
64
662
792
573
823
210
496
642
435
129
743
292
146
490
146
837
886
190
844
391
975
403
512
984
443
722
810
246
489
891
751
556
268
225
83
344
777
733
136
730
18
734
984
799
841
953
706
465
402
93
273
566
808
405
274
801
716
202
629
220
221
854
775
933
153
734
516
249
235
763
475
298
349
568
917
10
76
748
778
930
192
777
994
882
17
747
19
420
494
343
793
923
491
688
948
918
475
998
295
819
548
637
615
769
957
208
380
697
195
924
418
327
485
76
537
706
283
880
895
640
170
998
658
867
47
991
954
135
432
899
689
832
396
386
480
228
942
404
796
560
307
923
70
279
762
796
176
254
808
799
349
725
986
35
278
906
535
526
300
574
498
533
974
276
209
848
376
225
505
78
532
693
413
279
988
88
304
528
661
71
667
662
663
650
591
102
660
821
730
908
517
58
705
222
893
789
190
882
838
168
652
46
29
892
748
873
893
107
889
201
647
187
171
666
43
294
941
929
909
275
536
529
16
667
12
429
668
328
611
961
165
118
658
995
922
561
326
769
644
864
555
629
259
998
26
443
174
643
502
650
496
776
213
371
218
948
817
382
173
955
893
124
121
73
523
430
245
923
288
517
1000
11
139
365
316
723
755
526
734
155
637
686
424
659
211
773
511
532
916
953
63
399
53
571
285
314
659
849
292
411
335
788
163
24
240
80
915
299
953
430
71
151
552
292
342
551
680
694
965
39
828
571
742
238
914
760
524
835
122
739
459
687
100
594
625
518
418
554
251
73
561
1000
111
208
731
307
614
73
172
546
183
474
9
747
136
520
752
969
651
784
267
819
358
476
259
983
762
810
618
108
467
882
56
585
158
54
364
58
319
354
614
630
560
12
991
535
744
311
786
716
451
894
76
958
854
603
907
910
725
24
678
490
819
811
145
537
710
238
395
19
489
781
66
504
915
903
748
671
411
312
272
322
513
720
490
474
884
167
677
647
213
85
736
979
253
818
851
746
646
419
451
837
751
979
977
464
859
451
328
247
608
189
231
74
367
193
277
518
797
901
478
756
102
724
35
813
513
217
517
71
148
120
413
390
486
253
28
647
592
807
228
880
50
90
613
766
417
24
565
166
369
602
906
594
91
927
384
298
395
992
245
752
919
26
426
791
578
813
614
982
863
345
247
977
698
163
608
185
61
511
448
70
736
315
346
796
521
59
662
119
535
780
132
502
886
493
517
860
663
698
921
175
967
12
335
27
469
733
422
80
60
944
944
346
406
389
861
819
350
470
73
726
96
40
514
381
110
189
742
55
597
344
198
53
747
344
956
734
340
895
65
547
78
718
11
549
447
864
15
332
9
508
97
509
771
739
448
466
405
544
162
734
612
318
661
533
433
547
169
361
60
274
211
588
871
962
492
66
163
789
414
715
699
584
590
63
372
382
564
206
732
921
822
824
747
520
78
523
262
170
838
488
149
177
852
975
827
188
232
727
447
514
294
136
827
436
90
8
621
320
400
343
95
430
579
519
370
542
546
254
806
317
792
479
666
307
723
783
805
742
98
591
70
372
208
685
377
383
700
748
409
133
224
551
715
895
404
189
602
531
554
742
71
852
970
243
706
986
145
5
458
970
598
414
17
712
160
965
898
150
116
201
557
835
119
33
230
683
943
692
939
936
337
464
593
680
716
664
473
479
382
585
661
199
904
784
394
256
719
986
505
533
60
719
763
710
702
256
714
699
687
4
979
187
582
830
371
969
180
510
696
294
980
854
388
675
195
498
353
487
985
599
185
923
609
536
603
202
338
86
855
3
344
410
875
271
861
705
935
619
829
253
25
34
16
238
731
592
245
637
342
321
881
220
48
73
757
119
158
779
286
44
331
846
866
905
565
779
498
79
721
275
934
153
97
832
973
115
230
414
210
987
274
304
620
242
856
322
573
59
910
787
226
627
546
706
902
796
450
723
371
634
172
853
485
699
855
596
983
576
424
210
673
461
608
354
367
427
704
669
855
719
840
957
216
870
213
403
13
896
202
444
539
886
396
201
68
541
452
813
987
393
313
531
426
20
457
579
725
881
578
452
575
555
442
231
877
311
137
850
60
390
9
83
499
629
478
153
557
383
839
987
351
228
864
584
958
769
273
36
241
968
276
223
196
344
920
724
829
824
443
653
556
330
563
927
856
693
332
246
15
177
533
129
208
855
781
929
881
247
269
741
901
449
357
652
707
428
211
826
769
907
235
118
231
962
560
76
589
215
934
659
485
262
878
532
876
561
831
100
659
707
457
318
83
793
35
716
333
199
726
605
379
402
416
58
937
139
809
390
726
660
254
704
331
645
286
227
111
694
469
581
190
906
282
604
937
16
742
821
517
162
982
77
31
408
835
433
717
487
829
639
897
273
368
497
869
272
901
434
580
93
654
589
894
531
346
680
886
479
334
26
618
565
877
379
214
541
85
89
62
121
372
331
965
555
927
187
919
853
391
121
215
274
557
613
380
949
455
506
543
606
695
177
669
127
116
143
268
94
321
418
341
193
273
279
933
729
480
16
644
209
809
297
231
622
685
434
219
87
427
276
984
978
581
553
921
210
393
662
697
676
889
898
953
369
324
739
550
761
347
613
759
510
466
113
841
128
615
905
341
269
974
921
138
49
47
624
180
896
360
130
936
428
2
708
225
557
630
594
524
957
262
693
848
712
701
263
390
439
411
435
756
5
773
894
254
263
664
250
657
970
694
441
486
778
666
303
700
301
667
380
669
891
736
571
782
126
225
825
95
226
52
613
23
375
325
182
678
