719
314
909
389
344
66
181
782
514
452
934
131
311
229
472
462
77
504
653
338
964
114
995
625
183
495
202
517
482
764
300
770
264
248
415
513
883
237
538
730
391
705
199
964
417
681
333
771
100
351
731
247
425
754
939
785
936
980
732
134
183
535
55
957
322
243
482
596
584
39
377
481
685
110
316
856
112
48
172
645
177
412
843
462
505
421
777
421
419
339
740
47
533
679
655
486
12
255
525
172
420
30
610
144
691
186
309
926
537
824
546
328
416
876
771
311
533
330
915
572
581
348
297
612
396
943
328
305
692
205
290
257
41
930
215
550
833
406
11
93
603
95
37
559
519
159
224
317
75
10
290
569
543
490
686
806
238
784
844
206
305
985
139
149
474
310
681
259
383
152
935
2
90
909
53
309
934
508
946
132
696
601
104
45
897
885
110
779
872
410
747
800
58
265
421
24
853
140
818
649
474
541
969
118
582
449
405
934
280
759
840
217
25
340
952
117
637
977
85
507
965
756
672
693
455
893
708
265
866
335
984
210
486
752
888
703
764
781
119
688
421
995
672
332
826
536
798
504
358
293
88
270
565
288
451
554
937
83
910
518
770
531
593
85
812
477
586
731
552
960
375
944
334
353
320
669
929
3
283
535
86
306
825
196
364
8
217
962
781
991
337
654
420
170
683
323
185
445
466
584
479
276
606
88
149
931
227
637
657
790
531
145
801
805
956
235
591
693
29
592
928
491
687
406
600
938
340
680
106
239
376
84
196
446
644
655
58
126
89
124
843
977
607
888
28
716
440
482
892
661
933
740
694
229
959
108
855
246
96
803
39
668
301
531
279
454
988
475
772
434
800
725
404
915
415
700
124
470
2
386
630
296
117
32
27
480
552
137
747
269
627
600
790
310
913
559
769
527
951
203
847
1000
428
182
412
681
1000
354
425
416
413
330
27
588
930
847
480
196
69
236
305
520
401
915
385
732
256
321
817
735
155
438
73
98
466
22
459
232
925
450
444
367
10
844
136
461
22
122
991
379
894
611
492
271
886
486
953
593
208
240
445
179
434
315
942
515
426
170
744
530
488
993
427
887
350
254
115
256
575
849
781
783
896
48
742
117
102
373
405
692
439
976
292
257
405
134
301
519
501
31
763
505
814
309
216
850
971
229
611
293
317
769
417
969
114
342
292
260
285
47
661
629
37
728
60
17
375
555
796
443
202
201
95
531
454
850
125
534
703
937
226
61
1
296
201
761
738
183
635
209
261
604
149
932
857
874
507
301
655
954
242
976
36
147
854
650
887
306
42
410
193
771
728
970
272
527
777
233
370
948
175
392
753
946
19
649
944
240
195
880
869
957
147
831
708
678
692
94
314
463
186
327
536
476
489
508
923
610
16
736
533
919
728
902
767
426
204
289
674
682
708
449
629
616
943
319
414
60
242
342
713
768
976
409
34
574
107
531
376
156
584
710
736
957
901
861
714
724
825
147
286
156
216
66
145
553
983
244
892
95
405
922
438
101
227
924
244
157
659
737
778
343
183
405
409
988
571
420
46
234
256
477
391
50
452
633
985
697
854
989
315
179
208
423
472
222
846
872
731
366
625
601
86
155
221
289
696
759
216
118
221
301
741
764
201
824
406
180
445
869
582
139
986
776
115
137
780
487
97
647
583
852
318
247
236
712
500
880
32
72
554
704
940
612
438
182
365
103
278
241
596
154
211
131
879
711
224
941
848
534
566
558
90
850
820
578
56
139
39
529
689
205
294
19
903
816
934
405
85
340
637
740
137
928
705
983
561
332
411
493
826
885
154
420
44
504
178
747
197
54
836
95
757
742
713
87
770
861
723
226
161
569
698
1000
683
467
223
295
1000
850
360
45
922
163
215
325
864
994
325
278
460
407
250
903
706
373
469
675
647
375
542
405
498
199
106
637
185
82
894
133
734
431
932
677
337
900
927
631
522
845
852
581
514
759
800
911
634
917
313
915
946
173
999
384
322
126
315
5
634
358
484
304
471
335
183
958
394
138
908
517
292
980
262
153
150
640
219
22
199
828
570
137
628
845
205
641
651
623
338
656
436
134
619
196
351
56
666
269
717
513
499
996
728
672
109
989
594
409
137
122
700
508
899
360
926
643
834
811
1
405
858
408
234
344
892
577
358
111
439
54
261
7
970
682
139
119
827
60
569
61
973
521
810
658
666
405
107
394
100
574
575
779
68
933
467
586
856
294
961
429
389
297
378
977
937
640
83
89
495
716
142
868
809
287
561
881
400
970
942
279
