866
806
488
338
866
945
423
74
918
462
494
775
815
377
895
304
755
935
609
6
395
50
718
133
319
865
324
225
195
240
587
598
248
428
444
935
122
181
494
538
364
745
849
752
100
882
990
471
383
78
335
976
581
629
210
811
461
155
971
978
7
531
894
932
315
621
633
686
390
124
934
739
968
426
336
527
713
796
778
101
411
391
949
511
874
166
432
245
6
950
673
226
857
570
989
674
685
198
129
299
837
502
509
77
117
935
909
138
75
227
656
321
393
722
182
280
582
340
467
893
133
250
946
184
550
771
935
19
861
850
962
670
192
351
774
887
957
163
715
634
605
27
190
788
574
85
907
582
146
974
516
795
636
189
154
952
229
933
944
43
873
7
280
522
171
956
50
869
701
909
754
881
497
697
561
654
953
454
898
738
522
991
16
150
564
771
531
891
119
283
442
963
395
261
277
103
467
708
137
543
313
246
239
991
871
260
739
209
204
991
344
81
520
339
872
745
660
975
664
959
418
791
418
589
407
561
930
598
364
656
428
428
348
771
116
472
624
280
643
308
659
396
624
945
489
854
938
624
239
279
986
791
520
986
928
594
103
892
650
908
573
560
265
196
518
777
837
497
825
811
68
990
950
182
673
625
304
252
160
967
409
812
431
711
966
699
23
433
637
35
203
212
138
807
664
324
941
764
588
829
690
964
147
323
997
104
240
135
760
446
342
68
776
919
329
817
776
540
901
658
551
74
384
591
818
963
399
561
770
427
989
279
940
639
368
911
315
770
704
341
457
763
966
713
961
850
285
868
846
445
584
617
132
269
205
4
606
79
677
911
119
944
67
688
496
312
321
165
161
317
147
305
582
34
799
182
640
280
334
753
638
451
552
31
664
771
60
543
495
708
821
368
169
370
910
929
59
368
272
162
687
969
233
722
180
321
980
544
486
461
97
466
747
907
850
207
746
757
443
756
16
394
528
799
805
702
980
228
830
861
499
397
377
946
199
521
429
538
649
183
825
562
493
287
101
37
579
430
139
505
514
488
342
818
781
902
560
280
264
778
157
403
809
54
104
723
272
334
830
488
294
783
962
36
844
926
584
752
791
340
623
20
897
923
296
640
30
226
705
288
984
202
193
225
97
188
568
874
820
159
932
411
352
350
23
284
691
313
358
708
200
969
443
499
522
621
534
819
36
394
585
986
367
956
840
438
184
905
826
874
433
510
447
187
564
51
441
787
36
55
789
560
401
795
59
474
197
410
677
511
288
80
694
263
622
614
949
552
156
395
869
853
28
114
447
653
872
648
186
500
107
371
670
634
626
654
284
926
554
464
5
70
119
872
947
136
933
720
566
605
689
946
736
942
308
489
473
90
330
993
574
125
258
554
579
139
870
225
801
333
71
201
82
788
756
710
723
832
135
580
303
775
765
67
74
733
806
833
231
394
401
740
980
96
638
220
613
676
805
446
766
803
232
24
850
112
294
477
853
105
125
906
72
345
168
88
938
614
722
380
223
734
891
401
369
928
659
787
323
376
92
210
752
957
193
707
358
201
449
609
585
741
982
869
776
986
861
714
881
332
906
530
977
633
5
327
99
327
485
535
85
805
836
5
332
45
558
134
601
402
820
437
778
970
535
584
290
418
417
284
177
623
218
253
694
611
363
306
887
538
547
29
936
227
211
159
5
318
868
6
935
199
780
499
678
864
68
67
208
7
551
811
793
865
23
763
805
472
120
754
446
846
524
523
794
94
596
275
139
470
731
228
573
262
729
674
18
494
546
420
909
748
924
252
697
944
220
818
158
499
474
913
967
48
362
945
898
169
57
444
83
336
937
131
670
166
368
911
281
626
274
675
42
966
574
177
437
619
369
734
350
343
259
404
29
504
443
808
153
166
223
178
504
345
401
451
250
123
488
794
792
916
75
929
344
235
842
497
93
509
718
760
779
533
362
741
209
981
643
893
89
5
106
767
442
730
633
841
798
840
651
446
674
412
578
768
66
86
345
415
650
310
174
40
687
290
670
179
608
208
133
79
95
387
35
377
136
756
664
492
558
410
935
563
282
783
417
369
988
23
785
369
73
226
846
61
255
179
775
531
755
577
907
164
394
188
854
829
663
211
322
503
488
776
587
544
117
613
521
571
637
792
767
757
465
52
101
290
149
784
923
82
473
9
363
111
254
547
108
960
364
11
868
54
593
993
840
72
423
437
267
731
337
870
967
826
423
339
578
8
762
416
991
119
384
507
210
739
341
954
306
252
752
118
942
442
665
293
812
762
393
394
91
325
612
490
634
176
393
985
448
402
539
168
463
380
103
713
579
717
341
142
371
255
6
661
516
248
529
213
558
29
883
317
137
947
819
396
21
755
232
295
136
350
288
346
938
476
937
297
14
348
548
993
158
681
132
502
176
995
971
229
275
917
813
408
626
597
236
96
916
486
972
866
692
966
196
188
148
257
955
585
123
418
662
940
167
677
707
226
327
45
852
200
774
577
593
716
1
498
440
240
589
521
148
780
782
101
792
531
376
726
96
23
513
405
310
475
254
948
252
692
169
696
777
918
901
397
496
216
732
767
638
488
623
209
863
433
670
269
461
492
929
899
879
866
979
415
30
462
862
179
639
255
438
898
460
932
121
922
970
656
762
484
566
826
484
154
561
388
420
825
866
150
600
644
156
593
759
575
702
403
934
365
982
886
147
893
973
751
681
907
562
467
19
770
386
548
427
945
344
509
700
675
509
27
263
895
513
973
953
423
203
708
950
672
733
116
684
744
885
443
336
645
853
903
727
450
995
165
243
580
642
626
429
970
310
699
277
779
432
545
41
72
659
907
58
301
288
993
713
543
489
126
948
536
79
789
208
972
185
610
773
30
349
681
407
662
571
512
817
593
402
537
830
217
510
794
508
770
279
486
619
17
95
933
712
734
954
440
86
545
864
315
999
352
253
817
61
698
607
953
349
604
975
334
473
779
791
354
415
831
597
999
858
134
242
439
878
734
109
740
716
380
841
71
274
605
150
802
590
848
580
958
444
859
430
38
881
183
142
284
730
598
844
721
305
966
367
876
765
711
252
418
682
656
516
106
740
372
966
673
829
226
806
754
83
575
318
480
110
630
484
655
19
351
574
618
557
370
878
757
832
943
212
404
977
230
603
32
464
441
626
956
349
729
66
115
480
475
667
363
819
578
727
30
691
86
536
475
328
937
631
2
401
687
640
426
683
675
974
863
682
802
933
388
61
282
381
561
581
493
795
443
972
564
58
11
760
364
73
757
849
17
131
290
246
602
883
724
420
629
475
904
565
279
305
813
331
209
546
454
278
461
221
966
542
248
637
879
305
616
654
883
679
106
470
352
829
490
568
353
575
728
364
226
64
279
874
418
542
164
880
573
992
238
40
628
992
147
938
249
189
450
57
122
254
174
914
352
971
843
86
520
496
688
447
652
421
488
938
228
712
510
542
149
95
775
609
913
274
656
176
322
682
548
886
509
851
571
810
356
773
380
262
452
192
302
895
78
248
724
508
811
140
571
634
74
86
290
216
135
472
705
137
969
952
246
251
882
219
765
52
733
988
562
232
257
429
855
801
498
294
341
748
502
813
274
23
842
603
655
274
762
967
325
214
623
721
18
73
640
63
42
409
533
654
223
369
879
826
998
680
220
928
857
629
192
954
692
400
611
294
472
619
368
799
637
41
781
304
100
860
859
162
146
551
335
166
943
572
787
616
24
886
968
320
641
861
82
23
662
348
545
622
556
207
431
40
416
620
653
672
277
766
286
188
584
470
935
701
121
455
195
962
895
749
513
171
560
427
718
560
970
668
261
215
44
255
8
76
923
542
605
263
629
939
989
637
28
583
546
747
916
226
350
191
18
34
590
173
381
363
592
647
364
37
167
5
608
201
991
720
665
304
658
979
178
787
99
898
77
853
591
326
76
175
770
423
621
376
314
631
100
513
408
410
292
907
838
516
158
223
700
779
67
62
79
987
990
545
61
10
976
487
825
866
172
383
259
172
491
554
611
19
991
939
513
897
413
607
511
750
129
744
554
392
616
737
501
657
855
423
341
206
220
528
361
990
465
411
293
176
551
848
703
871
33
925
464
485
854
472
528
265
419
553
338
212
163
7
228
556
765
878
798
479
436
965
239
772
538
685
868
251
436
790
197
570
755
385
596
23
746
331
109
144
867
296
571
544
607
404
947
291
188
79
367
99
336
598
147
389
587
340
294
720
992
525
989
891
643
549
90
263
153
355
451
289
244
52
884
130
769
256
728
78
516
152
672
360
510
118
905
425
4
927
966
478
911
809
987
257
230
621
731
44
291
410
239
194
555
753
657
217
716
423
315
430
572
355
988
727
311
258
6
123
652
841
996
230
964
314
226
266
38
44
524
258
924
881
295
565
296
421
57
306
343
880
813
846
363
886
124
926
277
704
592
970
76
268
258
66
836
75
103
389
999
994
159
221
57
640
2
445
925
460
335
745
200
223
88
615
159
896
132
720
441
612
88
951
572
426
548
747
191
645
221
759
657
476
949
79
885
704
250
947
430
369
157
913
708
47
630
415
239
600
174
526
568
852
74
366
77
400
228
328
138
512
100
372
77
557
442
273
59
517
419
847
703
653
260
238
752
187
267
330
637
66
332
317
589
494
311
442
732
355
31
558
341
769
710
441
669
640
41
31
67
509
830
835
160
683
513
271
952
153
200
857
708
620
263
590
40
347
960
710
164
56
175
607
613
104
365
192
13
860
985
212
469
176
72
559
910
781
290
754
391
933
370
264
48
768
856
622
414
942
435
156
467
415
214
926
670
751
734
236
567
33
668
853
71
851
59
40
855
965
494
895
910
101
259
512
391
998
757
462
441
355
709
437
443
75
758
270
977
798
188
148
229
584
496
810
296
7
293
274
811
66
761
104
123
180
743
843
793
695
640
960
869
816
403
445
196
173
649
927
784
250
667
454
48
839
623
132
732
586
902
268
422
786
253
835
513
510
58
999
227
283
80
121
632
353
684
721
518
760
277
133
383
645
557
878
843
730
787
883
726
465
426
388
619
244
41
998
915
829
363
204
640
241
559
503
281
569
931
469
90
827
834
451
300
551
92
699
579
266
204
976
894
642
971
725
594
673
737
723
852
390
898
494
948
891
644
935
718
127
382
492
195
770
550
416
98
263
684
494
328
175
529
358
185
573
895
529
479
599
840
502
843
616
504
233
657
98
886
551
174
561
393
841
938
224
156
755
696
413
536
502
246
633
284
742
208
62
890
25
433
536
760
604
313
347
429
894
260
419
336
873
694
989
452
643
567
981
563
42
58
102
958
576
594
232
437
185
308
583
897
234
660
371
417
698
864
32
309
14
980
102
712
63
583
478
28
102
984
117
60
406
681
971
277
749
151
160
45
238
68
646
866
432
78
608
163
276
873
543
492
443
433
382
795
234
437
556
83
167
209
117
152
949
218
930
869
425
368
924
578
409
551
178
71
251
831
931
789
58
740
963
721
952
45
198
517
451
148
632
693
819
367
271
43
762
909
242
360
275
40
550
162
917
384
848
972
693
401
207
192
277
462
803
318
414
79
246
740
318
907
499
412
633
269
833
171
533
951
970
710
465
842
217
706
321
835
177
603
941
647
512
258
644
142
410
941
348
530
675
101
643
767
108
92
366
180
6
689
85
785
997
744
273
186
245
69
215
960
52
22
288
448
639
701
182
102
625
649
335
622
333
318
429
184
525
999
29
631
646
807
45
847
735
727
26
99
521
404
866
279
719
425
871
988
986
199
344
408
613
1
89
178
277
281
580
486
123
634
875
515
76
925
972
192
809
752
585
843
583
221
49
256
754
248
982
684
590
541
950
328
943
754
839
620
752
897
371
357
310
364
411
338
472
401
716
255
237
399
140
237
37
730
150
53
760
470
634
547
24
692
415
892
511
863
332
2
889
794
976
84
5
655
830
442
924
179
611
417
822
527
901
137
410
75
370
362
711
800
526
852
692
521
699
865
287
91
289
292
269
655
572
939
616
264
875
569
172
30
856
663
714
983
44
516
24
452
676
390
874
960
463
288
583
34
685
249
733
396
844
674
565
165
539
124
170
521
715
824
425
784
786
449
451
921
322
552
702
941
976
347
190
246
291
432
535
235
172
767
741
8
974
80
606
350
304
809
917
908
148
102
927
781
614
748
785
505
266
86
635
948
954
355
956
374
60
266
975
414
338
736
487
183
486
522
127
826
142
82
801
523
713
400
296
443
583
141
228
39
647
114
187
514
658
148
206
368
887
11
377
228
752
952
896
68
314
989
496
418
731
604
629
290
130
872
835
269
119
591
706
952
341
332
896
210
220
264
490
106
949
309
40
169
440
838
353
421
656
348
529
858
732
342
581
804
980
181
120
146
943
267
691
472
292
523
77
928
752
385
401
521
852
63
126
714
746
214
735
883
415
653
804
806
33
29
355
441
889
584
902
914
426
166
435
331
465
154
167
834
71
962
279
168
610
237
20
282
688
38
958
73
305
882
810
739
481
458
336
582
952
790
532
111
260
382
368
387
735
531
407
942
929
885
827
518
971
445
389
488
434
701
82
234
703
974
2
740
591
662
695
964
965
313
952
292
450
714
236
19
254
524
168
123
89
914
788
412
698
82
658
172
717
105
674
634
931
299
722
696
513
102
698
739
937
413
775
140
678
868
108
632
969
394
740
805
880
542
943
582
1
168
944
319
869
899
771
78
509
349
912
815
614
69
229
945
367
713
21
741
377
994
903
465
424
210
359
197
298
450
702
213
139
72
329
485
315
742
95
269
71
537
771
225
766
115
708
321
240
749
764
498
812
378
463
542
4
788
533
757
263
710
434
724
984
72
923
621
324
569
245
911
282
967
574
445
879
856
887
378
689
893
137
745
755
86
51
458
993
272
956
650
191
222
240
234
24
738
99
953
43
368
216
108
209
576
582
60
596
256
362
853
485
571
804
336
473
742
293
582
610
883
206
113
556
482
801
572
679
725
140
304
618
742
849
517
866
205
801
152
857
809
461
187
180
403
812
226
840
452
272
718
900
615
625
466
335
601
294
807
255
93
611
357
817
832
629
539
3
30
752
645
272
255
202
727
886
409
87
389
289
806
64
547
445
887
784
539
120
792
219
464
838
50
450
165
777
956
643
446
575
925
617
974
671
483
472
127
422
469
161
959
1
586
757
222
707
687
987
497
984
557
95
567
928
545
557
948
269
459
962
891
251
982
247
444
846
756
81
889
89
297
267
512
121
447
142
694
458
547
381
66
596
492
227
975
74
646
612
183
899
654
727
980
134
710
142
115
496
672
313
139
449
597
445
737
741
738
249
792
230
20
657
492
273
479
884
412
77
380
502
768
441
733
111
846
646
904
876
7
499
314
173
101
469
682
341
36
328
224
483
991
378
260
921
300
41
290
624
712
836
292
538
481
529
204
706
28
179
362
191
691
70
981
405
366
500
952
267
486
916
221
229
243
885
375
107
210
240
410
541
473
791
812
923
680
606
579
281
381
106
495
770
10
180
471
817
626
577
36
822
797
10
983
101
26
485
377
650
448
487
824
758
320
301
159
1000
844
331
193
553
420
536
179
593
624
755
437
230
1000
287
531
426
108
56
569
19
152
655
54
726
702
822
63
50
219
689
997
397
566
391
565
329
678
957
922
735
555
255
820
778
219
714
502
713
898
56
622
181
842
498
51
741
115
662
994
127
814
933
380
479
972
372
132
277
132
513
480
134
912
978
742
552
113
29
943
294
27
823
448
549
604
694
123
289
572
513
31
910
745
116
862
648
67
722
640
280
352
738
964
77
325
88
920
694
429
973
376
763
721
484
386
984
342
164
970
586
781
757
203
500
972
723
149
109
426
614
525
306
230
326
221
837
182
852
619
375
122
599
757
537
702
338
589
493
179
771
186
229
498
752
715
925
313
468
298
406
937
42
706
32
532
755
861
895
744
720
425
563
490
504
437
136
686
675
708
188
516
807
473
630
998
145
91
575
538
396
597
924
1000
389
1
455
208
738
495
925
444
741
203
910
634
587
502
832
266
57
133
129
579
13
680
484
226
229
508
460
640
390
108
379
623
508
325
717
486
417
353
562
422
528
772
464
321
857
528
307
662
153
640
38
850
130
259
714
70
816
882
299
25
400
219
983
636
553
853
462
541
921
952
103
492
253
292
223
705
89
494
77
667
910
930
236
997
302
66
956
951
906
513
49
255
721
509
927
621
639
187
954
170
316
452
561
971
143
650
526
473
178
408
364
373
403
139
710
5
999
428
840
173
439
944
617
974
310
715
52
446
745
224
181
662
698
676
553
950
543
794
233
176
174
429
537
358
341
117
741
669
62
875
209
116
958
915
263
279
384
433
420
854
389
60
174
653
482
518
606
451
536
48
245
86
775
407
64
313
9
890
40
386
970
173
893
338
491
577
96
703
773
6
758
980
837
275
645
344
736
842
793
780
238
443
723
239
124
812
422
437
525
821
586
235
667
415
538
221
389
229
964
62
941
275
201
816
122
323
668
385
924
125
480
590
579
244
117
349
76
818
406
796
229
614
465
151
159
189
425
884
119
814
917
545
966
217
268
857
325
610
225
515
879
665
59
180
609
744
438
908
296
164
855
229
834
993
409
99
619
396
456
215
690
814
497
228
506
994
135
447
381
306
51
569
694
632
88
594
45
372
879
785
361
731
647
294
632
55
909
963
143
327
258
330
526
850
107
36
837
30
29
100
845
624
669
817
741
533
207
51
297
630
758
53
268
783
452
103
225
323
352
523
191
716
123
432
115
637
192
566
105
730
886
394
155
659
330
209
755
821
106
859
550
236
425
603
590
295
247
109
340
432
665
870
136
481
194
897
864
159
978
322
686
732
383
44
227
173
624
905
931
938
120
295
329
534
945
17
505
325
423
852
831
418
473
766
82
363
321
957
26
406
970
272
43
688
564
880
847
411
978
290
521
21
26
819
565
60
531
942
475
761
153
340
276
238
745
853
702
544
626
263
205
429
882
680
158
847
233
501
602
407
151
635
593
148
219
670
102
194
72
337
988
864
408
878
144
37
229
480
496
583
922
826
5
993
834
963
754
933
286
833
22
990
866
5
608
187
135
1
688
25
174
152
298
539
683
621
776
563
396
378
360
698
133
993
523
619
86
253
116
922
551
5
255
924
83
557
706
287
375
242
285
124
658
593
287
233
737
350
970
900
783
200
208
979
905
322
114
538
864
855
742
670
869
105
736
31
120
197
663
1
451
262
435
873
483
482
362
749
652
739
209
495
657
210
254
975
850
200
547
365
494
867
728
498
311
281
787
539
352
532
120
363
828
624
743
108
555
307
779
757
68
987
15
241
474
216
796
606
879
933
258
208
224
646
241
755
11
809
504
881
935
245
947
399
111
464
444
249
441
440
803
579
853
802
90
956
400
452
332
830
593
155
522
350
245
629
238
358
470
51
6
902
118
815
431
734
362
311
538
904
469
926
936
822
190
127
123
385
460
710
814
961
577
154
821
905
958
292
493
309
60
171
650
900
635
868
739
499
193
390
406
636
817
163
572
366
680
973
671
438
572
375
715
428
170
982
837
103
533
111
113
749
706
523
24
505
876
130
825
521
319
458
909
240
65
444
884
151
702
235
103
613
989
612
692
50
227
771
52
489
160
482
256
356
472
748
889
86
696
520
264
216
167
770
126
24
550
921
824
603
125
103
475
739
749
558
630
425
702
760
643
961
964
831
38
162
757
942
39
354
610
248
102
148
498
330
857
906
860
728
96
143
465
811
608
24
152
906
506
602
582
517
261
201
628
745
839
805
780
860
292
682
275
920
759
857
526
975
627
918
821
745
947
227
757
750
638
773
726
176
178
282
574
702
658
660
376
410
137
811
246
107
57
310
415
40
872
642
967
530
471
250
734
688
257
186
672
83
726
487
559
603
570
719
786
172
614
735
490
498
52
831
646
636
318
603
447
203
831
485
352
29
326
415
464
237
434
476
126
529
792
926
817
625
470
172
278
645
591
877
533
96
499
217
138
940
240
906
647
141
954
501
924
918
668
324
946
115
4
571
856
92
396
766
113
414
912
66
460
595
510
905
578
6
310
702
846
319
759
467
597
100
490
997
594
96
831
965
134
704
991
845
300
976
569
865
718
301
853
211
742
715
783
822
514
463
862
441
42
669
882
263
270
71
799
396
405
274
290
26
518
505
81
787
851
981
238
274
54
28
436
839
78
51
959
41
972
319
270
611
444
107
127
528
970
674
414
603
716
332
592
464
810
978
57
685
813
212
69
803
287
384
64
866
264
683
222
146
622
950
255
520
303
959
620
349
898
678
630
961
754
212
731
456
870
522
759
659
160
663
701
613
267
294
671
867
50
723
66
906
683
868
893
623
647
996
976
777
594
907
308
193
374
658
966
881
841
56
812
925
792
738
141
122
790
416
724
45
540
244
85
186
308
420
130
566
580
817
932
718
990
418
920
512
327
832
277
124
379
906
11
457
271
297
424
62
346
931
635
781
743
823
124
356
479
464
37
362
464
755
459
483
514
298
430
665
599
721
463
898
296
558
559
40
721
927
97
833
714
178
77
604
905
896
140
96
352
549
305
913
250
122
540
252
602
772
445
406
175
897
451
431
728
432
279
264
504
725
296
454
764
289
363
159
446
973
879
340
724
554
538
352
585
285
554
196
641
478
518
900
787
668
363
630
106
455
585
277
64
630
729
61
550
98
520
847
300
965
36
230
455
236
633
793
481
5
142
889
772
507
675
344
427
246
450
91
545
103
176
864
812
537
268
84
381
892
469
135
941
659
555
828
938
401
444
678
744
631
396
435
378
307
453
226
21
521
894
843
577
858
267
424
729
88
413
99
40
869
747
394
764
368
227
631
322
193
455
376
790
883
387
881
576
128
797
325
668
853
888
649
138
121
969
211
533
386
326
774
356
115
130
461
748
477
243
203
41
235
654
333
255
503
104
648
441
622
553
199
770
487
304
712
674
155
70
895
717
855
52
122
600
624
885
780
278
972
189
334
489
62
289
6
395
290
95
463
284
737
973
885
936
169
385
421
361
250
509
821
955
32
706
717
229
136
495
255
664
599
824
769
945
235
297
664
644
981
20
264
762
271
278
628
788
141
814
639
578
977
596
131
300
122
890
111
436
137
17
566
515
267
542
976
886
652
273
915
103
685
338
694
395
743
288
827
178
865
260
653
408
510
933
33
289
549
323
167
654
798
800
20
903
450
383
804
95
412
829
422
177
997
630
585
560
673
84
229
399
486
480
272
24
737
784
974
234
187
377
75
614
51
788
16
399
582
979
26
371
820
483
819
779
280
848
845
288
154
671
539
985
767
271
744
432
332
28
11
91
981
208
993
83
897
494
550
734
261
328
444
107
845
186
598
247
512
447
121
870
166
387
982
369
991
270
138
969
110
809
25
851
266
418
614
548
314
481
262
597
459
934
716
999
74
89
949
823
934
602
266
15
981
12
453
599
831
450
445
213
330
571
840
680
62
925
880
185
399
289
757
528
14
8
991
202
847
883
571
160
99
832
570
499
412
35
188
269
377
191
187
866
267
941
314
587
651
459
719
218
525
49
365
239
507
774
607
240
230
482
971
951
858
218
364
97
229
873
657
784
645
654
628
781
732
222
531
211
973
522
598
897
723
499
967
463
694
903
209
469
699
686
286
896
490
866
576
359
904
170
246
360
661
426
844
472
762
889
156
477
472
661
604
274
706
388
976
378
69
144
831
312
385
153
434
176
447
895
21
51
254
11
562
49
148
272
259
828
400
838
599
940
175
16
407
101
955
928
608
640
600
453
595
548
630
701
694
95
724
299
148
696
111
32
763
835
414
962
256
745
400
75
424
900
10
423
634
725
753
821
264
659
459
697
882
591
443
620
710
140
744
346
593
181
27
924
2
702
403
465
915
383
125
67
738
430
92
589
91
118
554
979
433
940
856
938
250
609
95
352
805
252
740
895
304
158
230
757
110
415
150
60
388
363
544
589
68
352
284
767
500
63
195
344
754
477
284
675
583
965
580
684
464
772
735
667
969
681
745
884
827
885
279
703
33
526
293
559
721
147
681
216
566
775
879
209
371
812
492
328
132
563
52
406
519
507
608
6
905
278
287
850
498
143
36
90
446
383
583
66
501
489
169
929
707
663
930
184
426
851
423
481
963
668
206
68
350
407
710
202
191
342
35
486
670
377
641
228
373
428
878
142
638
606
534
344
160
714
974
132
306
80
751
817
898
413
875
794
144
807
92
919
88
246
37
453
284
606
729
711
511
275
315
905
104
536
496
504
145
708
793
507
136
259
320
678
890
494
50
850
677
815
892
821
718
994
124
348
96
686
296
912
652
92
764
822
694
683
616
865
918
603
429
351
182
50
318
154
83
485
203
783
125
835
868
923
272
582
268
359
488
411
747
194
664
624
80
212
935
167
284
225
327
132
293
84
904
558
359
358
642
575
613
564
319
937
823
968
959
219
447
261
603
32
775
435
887
131
543
95
866
696
509
270
930
192
983
2
818
636
999
630
331
458
316
805
610
973
98
454
871
811
892
756
511
292
581
257
529
210
43
374
997
531
502
347
696
131
200
698
455
424
223
147
954
577
693
951
57
960
123
237
428
675
177
864
1000
584
877
881
638
295
482
59
680
643
42
5
404
697
983
301
599
834
154
36
386
234
576
542
543
478
466
65
255
192
877
317
905
676
665
774
259
714
242
169
401
994
386
957
108
998
892
30
20
465
14
591
968
782
31
145
194
188
205
196
889
30
942
614
89
600
779
983
152
881
994
402
736
220
858
94
161
802
438
431
170
941
196
114
611
140
666
704
451
405
537
398
772
808
858
969
690
466
293
576
303
464
66
242
267
403
439
545
586
294
144
585
192
729
250
313
477
704
403
735
62
454
1
755
848
408
544
253
222
584
317
157
57
619
826
36
878
619
251
640
820
459
621
579
618
592
283
959
930
370
216
542
120
631
69
306
694
258
568
715
509
440
485
264
79
520
680
231
16
186
111
768
46
514
998
120
551
782
825
464
869
270
395
992
592
905
636
29
470
576
815
884
163
1000
461
270
688
472
879
712
534
937
217
726
344
327
824
286
755
425
14
935
771
773
179
500
734
534
582
754
118
881
720
961
204
454
561
570
688
234
917
115
889
428
241
130
299
7
269
819
17
615
412
804
192
302
313
147
571
307
263
253
160
511
204
952
794
708
469
429
258
118
732
789
219
638
178
454
905
12
833
290
997
78
346
996
59
487
265
4
907
365
797
151
79
75
813
908
467
546
196
836
279
742
635
914
677
280
313
759
625
706
325
873
669
307
565
119
367
611
467
296
90
544
329
588
13
815
483
260
851
567
536
193
116
264
43
376
952
306
633
291
618
509
129
298
313
771
61
289
774
395
364
301
392
677
779
989
52
227
659
113
553
946
962
222
89
700
754
91
602
655
857
401
923
13
955
943
836
715
261
733
907
922
749
271
824
230
643
134
499
162
88
463
40
783
888
297
308
776
239
49
695
598
194
62
388
784
126
942
524
51
1000
351
573
459
624
111
592
767
210
325
586
124
733
666
653
631
691
436
289
514
600
758
379
401
188
369
542
744
990
678
138
965
12
896
185
949
27
60
829
690
693
486
273
400
332
132
66
16
843
73
443
699
276
748
435
994
386
98
835
132
991
498
857
70
334
675
734
435
434
683
298
206
452
60
553
163
329
16
117
367
883
481
30
591
823
289
838
580
769
267
665
968
304
19
553
637
655
131
790
441
291
742
955
129
581
101
860
462
534
594
988
805
658
565
653
739
770
645
429
800
345
147
202
87
959
843
26
744
671
71
521
412
928
88
803
340
921
51
495
25
516
169
733
764
409
596
480
174
25
896
42
288
455
445
631
941
716
520
371
554
32
645
851
621
975
212
781
312
963
983
47
603
478
206
769
972
358
266
766
840
669
859
916
6
527
597
617
539
873
567
406
667
502
755
835
231
875
881
290
157
653
129
244
139
290
377
188
430
393
638
657
470
88
562
215
427
615
721
573
312
747
542
851
148
993
829
264
563
61
453
753
831
492
497
329
713
821
178
223
395
554
608
219
308
337
683
882
419
780
582
69
966
713
512
965
980
203
21
738
87
412
935
171
247
557
695
384
996
689
225
930
838
107
108
977
634
512
65
247
578
505
312
814
679
751
872
778
522
56
630
10
980
863
559
966
674
700
11
670
220
73
239
216
918
985
327
234
745
766
970
599
822
953
490
444
900
454
28
950
325
686
73
928
914
593
664
313
557
523
747
662
895
872
891
543
964
542
167
264
533
247
317
708
510
390
878
247
570
646
165
80
928
902
171
193
814
142
268
682
906
278
707
117
608
402
431
216
966
83
724
470
687
849
459
812
588
896
840
500
603
637
164
733
722
614
549
260
584
680
253
979
624
186
617
609
665
57
210
49
917
39
291
258
944
504
265
306
764
253
242
16
358
666
39
399
458
111
713
619
930
279
938
662
223
111
478
998
131
160
133
45
217
227
461
764
298
23
59
838
926
101
455
779
281
538
918
462
219
415
815
246
388
325
997
884
481
42
207
18
892
513
301
270
567
818
975
761
163
696
346
207
951
174
257
538
362
576
84
902
635
385
58
829
502
282
395
813
860
725
730
17
437
801
627
746
395
12
42
743
67
411
458
954
462
173
339
153
653
598
117
328
989
971
248
533
504
810
809
782
586
827
732
156
827
256
230
949
484
474
563
337
838
94
5
391
444
955
159
202
29
980
552
414
570
526
929
451
211
769
317
490
16
711
667
325
874
648
14
103
603
92
25
902
969
432
325
127
76
780
380
39
133
222
252
169
301
962
859
603
809
389
110
822
119
705
963
850
35
19
917
379
35
879
684
189
636
797
626
552
26
799
987
956
972
283
168
168
738
826
501
490
359
373
601
418
611
239
245
901
925
779
386
296
886
538
828
978
598
555
232
188
280
495
522
492
213
534
582
582
722
162
799
583
423
68
398
612
639
647
414
777
531
442
37
773
412
207
887
290
745
812
12
240
204
956
793
707
170
204
393
625
279
544
157
427
99
141
84
279
596
557
270
845
269
135
524
65
819
875
976
108
922
607
196
70
493
265
737
291
544
598
557
576
975
814
829
171
716
326
62
130
835
715
971
716
876
174
218
105
398
260
139
190
610
689
762
72
500
1000
110
610
606
821
704
623
387
143
461
907
87
456
191
272
781
621
872
611
149
279
997
105
455
495
640
340
813
715
535
804
165
308
842
457
18
460
866
520
619
35
803
671
519
408
705
399
894
548
548
334
176
155
123
509
393
250
716
352
826
73
408
626
467
900
781
562
239
130
504
540
489
454
154
375
90
144
893
927
668
63
350
847
471
132
6
780
933
460
684
978
372
797
779
8
841
771
291
416
645
182
779
969
599
964
481
888
921
960
658
453
936
647
248
172
616
256
386
697
309
647
33
860
794
640
448
665
593
78
580
427
83
319
680
907
704
996
7
50
495
966
997
571
669
901
227
28
978
119
237
200
789
945
402
566
338
282
450
472
416
27
588
326
902
915
368
499
450
193
188
892
62
366
652
734
312
664
724
504
821
576
187
262
878
840
144
245
147
399
510
850
804
522
760
825
733
203
158
633
582
541
725
62
741
487
774
506
924
711
244
938
490
222
302
23
714
497
616
644
746
464
511
360
833
163
484
321
204
404
439
110
71
35
304
85
890
720
589
95
981
19
886
564
496
791
178
251
171
679
783
219
337
910
325
70
827
256
376
53
10
305
343
195
33
967
857
866
536
372
143
604
592
667
690
56
428
626
831
39
631
590
874
191
50
878
532
230
978
958
783
993
17
623
811
738
475
430
79
843
306
344
120
360
849
993
482
142
60
935
507
814
317
90
539
467
342
989
38
749
727
240
170
283
466
925
525
266
13
485
109
879
797
702
5
9
492
574
654
637
336
731
771
241
569
536
269
987
113
280
681
28
865
323
744
82
4
791
86
39
106
80
403
373
162
34
941
753
287
112
274
985
123
177
330
462
832
341
827
983
304
180
922
892
837
530
491
239
130
848
777
744
539
880
999
1
422
14
238
745
616
463
272
117
235
126
269
471
767
86
998
256
555
401
466
915
525
384
350
404
27
50
943
914
513
280
256
743
907
147
416
392
298
195
560
10
247
739
840
931
730
735
964
310
995
575
692
309
55
425
194
237
331
125
426
354
780
703
90
881
51
817
313
524
252
154
255
952
399
158
724
484
119
49
560
67
249
223
936
241
879
93
516
567
884
562
131
68
995
834
660
793
96
363
182
278
775
237
700
48
648
402
963
241
690
240
926
557
784
358
421
428
341
362
668
832
364
539
10
983
371
372
89
377
104
977
417
289
663
550
794
629
615
110
407
642
916
774
984
663
656
210
110
823
10
175
419
228
897
956
946
397
10
459
522
765
299
146
554
88
953
617
358
452
917
565
165
212
669
890
365
808
42
856
552
160
976
2
914
942
106
871
870
685
172
412
623
665
371
554
418
747
699
237
302
978
506
667
959
709
601
28
194
318
975
250
269
750
365
532
94
116
132
769
983
419
594
421
403
582
875
494
306
583
507
423
948
496
702
934
68
349
919
713
810
364
577
381
552
249
179
957
776
993
322
41
845
958
440
995
69
25
913
842
393
463
435
563
355
521
594
335
392
729
407
830
626
679
803
384
364
42
487
957
148
658
393
20
201
771
655
453
332
679
267
364
314
679
491
399
275
183
31
860
843
604
882
289
256
933
394
230
426
30
199
872
194
253
213
958
630
957
166
24
840
379
120
407
151
673
850
691
201
352
89
522
854
72
812
17
367
994
941
669
555
370
185
849
242
294
759
227
921
392
914
80
648
75
957
672
544
277
934
128
608
602
560
728
808
862
395
645
297
891
376
494
697
200
221
571
938
558
49
1000
577
838
132
479
552
385
666
281
440
171
684
370
359
689
971
63
471
555
802
680
568
178
195
455
430
510
814
328
614
209
121
528
52
300
700
653
742
130
831
279
867
893
736
824
427
84
19
116
869
164
7
3
578
924
543
366
215
435
16
574
937
394
295
123
936
977
264
900
744
371
995
104
661
720
805
437
436
103
21
21
635
590
50
770
643
421
740
98
460
560
278
198
302
75
964
26
608
829
294
705
111
988
729
383
739
408
174
527
774
203
877
189
450
225
775
184
951
249
413
688
171
72
224
855
783
112
727
999
411
720
437
218
880
982
246
251
89
288
970
471
492
601
869
951
392
902
432
577
737
774
568
913
31
519
211
833
860
559
346
660
43
403
39
310
285
662
971
213
955
389
660
56
291
689
944
887
380
747
547
251
842
378
672
863
904
794
537
372
112
139
602
179
756
315
136
783
526
604
348
790
768
709
782
743
894
290
830
900
464
400
61
416
234
537
624
190
82
648
867
635
744
847
359
838
45
15
945
770
367
713
665
887
867
350
385
283
570
419
819
714
223
265
227
72
825
868
158
92
886
981
857
713
256
36
581
220
323
449
631
996
5
770
690
306
970
475
389
955
340
84
375
455
746
432
36
708
440
553
626
562
950
16
168
850
116
77
84
580
674
852
759
679
568
386
310
45
485
931
529
680
130
654
133
605
239
86
323
895
715
795
454
913
605
926
505
948
602
567
992
806
714
906
538
676
741
744
968
802
704
7
513
328
197
226
292
922
923
847
598
71
400
279
488
12
441
178
500
986
384
799
906
631
208
144
524
935
586
296
254
670
43
806
487
737
739
904
411
558
394
56
36
75
640
148
772
665
601
345
262
236
295
322
146
657
771
139
19
183
646
242
421
192
654
229
715
783
848
108
944
640
464
901
945
28
382
956
334
792
421
702
64
727
771
932
836
524
662
417
383
764
513
54
933
139
360
33
23
690
852
236
158
389
847
621
914
638
709
658
501
84
616
600
222
250
469
727
854
380
715
383
258
922
980
68
693
553
806
215
11
349
232
435
387
217
384
385
195
266
606
528
966
345
906
140
46
809
646
664
442
644
162
877
773
598
615
94
935
894
984
995
777
718
461
360
544
602
132
969
689
149
555
567
391
144
876
96
506
340
194
396
383
61
508
186
285
256
430
176
573
896
800
259
320
330
293
830
413
967
742
331
842
364
260
889
868
461
108
890
826
153
110
580
413
141
11
60
643
931
938
389
159
501
333
433
277
818
169
961
355
40
198
105
638
843
239
255
473
275
803
619
350
557
745
887
78
924
937
964
226
64
304
706
350
62
795
658
866
234
457
198
110
27
93
25
480
720
938
547
248
813
42
677
835
979
866
516
846
199
914
712
349
753
421
742
981
59
947
496
487
436
595
159
414
583
172
93
154
997
274
105
671
174
614
567
587
621
737
164
161
579
842
768
290
334
484
269
688
16
149
729
246
131
604
515
675
796
184
274
651
119
679
729
329
136
192
828
747
976
229
219
816
82
437
534
275
90
165
931
580
97
225
688
532
288
580
843
349
893
236
399
250
583
756
640
821
594
490
395
967
470
849
421
811
968
823
247
950
672
694
161
131
652
70
449
571
54
774
740
726
61
764
617
10
154
70
73
791
938
285
185
298
220
865
93
353
374
813
629
177
44
867
285
851
521
48
470
363
128
448
351
299
35
963
644
118
450
932
371
43
755
561
613
533
293
282
929
67
55
67
213
523
913
235
736
774
232
809
251
593
575
656
593
425
990
3
943
951
389
793
531
149
489
301
57
919
26
436
587
673
807
7
677
429
735
815
634
878
178
165
197
681
922
708
927
895
343
761
445
685
135
904
937
548
430
939
50
8
14
202
441
803
710
624
747
329
857
406
721
881
728
732
181
880
720
482
18
590
91
275
729
355
623
197
700
647
277
939
606
156
108
84
880
277
635
774
125
414
330
276
673
519
816
575
138
410
260
472
245
757
790
218
901
529
935
572
745
477
672
218
363
549
741
876
36
788
580
697
26
612
814
7
835
180
542
462
1
602
471
921
619
216
989
521
764
431
282
186
881
495
702
370
122
464
810
810
502
664
419
429
478
873
353
707
502
82
951
815
620
509
573
688
820
64
780
788
114
157
256
552
591
784
953
82
347
876
44
361
655
533
155
136
788
787
818
180
81
960
83
203
61
65
190
674
137
820
489
794
589
635
591
94
377
599
88
539
664
362
719
165
884
434
168
893
956
440
450
84
693
566
920
419
336
466
454
804
374
235
707
842
133
768
884
626
288
872
754
472
466
393
716
6
105
36
542
568
904
380
835
226
46
520
56
812
37
989
73
947
710
406
372
338
57
436
286
310
247
16
55
804
488
772
623
760
934
453
815
315
667
441
303
614
503
681
645
341
7
418
365
204
943
589
714
104
197
325
498
968
326
595
786
932
431
648
370
662
753
99
91
8
73
723
884
478
194
303
78
199
582
815
377
497
189
716
426
683
891
94
929
928
764
342
575
509
436
780
848
348
165
736
169
464
262
630
130
491
464
909
364
381
726
878
223
995
75
128
408
854
74
687
239
592
382
388
888
828
827
399
116
751
209
725
771
516
817
466
125
506
921
283
866
998
154
767
516
558
855
410
935
598
829
9
988
349
848
243
897
121
49
114
515
867
242
54
125
354
694
387
497
603
674
495
634
819
565
960
926
292
431
476
116
767
564
571
580
952
403
521
649
726
539
795
598
401
164
195
601
704
346
135
513
219
886
670
600
944
902
559
920
126
16
49
35
139
875
964
245
181
933
433
461
163
710
932
155
137
773
958
506
319
436
473
785
939
901
571
487
276
948
349
759
881
315
148
930
275
33
210
894
126
44
700
705
236
497
895
810
560
125
481
765
932
862
535
352
979
621
184
311
272
942
146
407
56
212
676
273
188
988
347
186
388
616
857
115
12
567
738
228
143
54
886
20
726
8
214
948
809
622
202
82
901
703
684
252
296
240
723
455
83
68
808
29
623
275
920
930
391
150
877
644
69
632
150
120
158
945
692
667
576
748
151
754
423
906
584
678
610
781
188
686
532
920
1
56
842
88
415
343
653
717
779
437
246
404
365
352
450
616
893
947
196
988
970
840
821
290
776
301
401
716
268
290
890
727
49
360
856
488
498
385
708
99
5
734
660
411
982
571
755
123
138
199
64
453
619
259
645
359
8
11
928
281
932
363
118
917
270
489
106
395
954
765
358
120
587
798
711
767
309
922
792
18
204
734
532
230
790
90
592
57
888
92
192
856
557
850
764
844
367
685
478
836
134
352
964
898
949
285
306
848
941
64
125
672
203
353
500
887
981
556
745
778
104
497
660
218
113
902
145
233
251
132
14
501
964
588
495
513
52
110
366
928
984
265
883
667
813
649
295
295
778
384
619
460
884
301
89
85
817
257
172
460
197
327
195
784
760
717
821
413
373
999
366
79
710
313
12
840
372
999
958
375
95
78
32
401
258
233
655
778
97
537
804
570
435
20
628
762
390
683
35
938
689
817
14
580
522
763
743
197
113
809
361
454
698
543
982
760
734
932
260
483
754
937
180
131
35
935
582
572
726
308
7
353
611
516
884
455
792
657
450
293
44
998
795
839
217
234
623
353
169
976
680
660
984
351
922
462
448
749
215
699
84
261
920
354
818
500
432
101
297
840
945
827
243
459
290
646
255
771
912
759
789
553
745
141
537
404
896
613
69
782
800
494
565
90
285
333
853
384
370
131
389
960
985
20
358
272
300
604
516
887
252
626
310
705
276
145
128
807
469
890
560
846
4
599
128
779
730
325
94
176
972
478
110
633
312
380
215
819
212
125
885
708
629
715
11
233
34
213
130
823
383
45
503
75
37
359
935
338
631
643
51
807
266
578
784
67
406
340
171
335
285
891
838
796
553
63
30
321
76
933
482
199
365
194
591
312
842
293
642
893
50
2
494
889
333
135
140
986
306
113
130
885
471
661
682
777
21
482
847
1
657
965
293
173
107
63
609
698
457
756
470
769
945
93
486
614
779
764
274
286
651
6
203
897
406
505
799
239
41
925
547
659
440
352
446
985
305
425
594
850
142
142
834
868
32
691
261
787
955
198
532
797
544
887
891
516
632
562
651
23
763
812
261
103
202
341
895
874
19
643
361
671
85
696
862
428
524
794
68
315
496
307
667
988
99
233
927
772
405
318
462
12
400
88
89
391
363
781
344
389
904
393
929
421
251
881
454
447
407
989
275
620
857
379
926
359
545
658
586
554
91
299
726
580
273
642
44
759
980
522
684
250
803
503
501
745
212
1
894
432
830
458
918
145
926
177
145
735
389
426
927
438
287
44
313
285
499
342
362
969
427
608
810
370
657
291
799
763
626
306
947
454
826
872
730
808
955
868
215
763
349
569
628
45
178
445
65
1
374
732
100
318
179
919
705
598
454
829
554
919
458
233
118
343
1000
930
726
545
56
790
254
856
535
195
232
235
648
591
261
241
50
432
128
60
124
160
343
884
740
179
336
772
373
743
805
420
493
156
996
262
805
705
513
551
622
646
88
810
756
325
351
849
406
361
311
872
983
547
915
414
298
619
83
857
393
442
859
682
394
177
409
362
262
12
920
158
284
381
839
64
836
999
36
850
903
722
143
320
509
63
635
921
312
18
437
621
251
600
559
197
587
302
449
453
859
902
562
510
543
940
439
228
312
253
199
478
958
249
382
822
853
546
198
643
85
447
531
24
666
89
204
908
178
786
651
465
335
800
177
623
823
149
383
503
871
488
623
297
595
499
504
467
640
752
468
932
384
938
818
409
466
355
945
688
351
893
353
317
29
927
829
946
183
778
419
470
626
90
358
312
554
70
838
143
792
487
795
97
663
997
765
987
884
286
23
551
411
340
452
413
365
996
742
763
94
707
549
305
70
430
388
858
696
473
819
82
632
620
919
239
323
134
642
306
999
411
238
478
658
53
16
404
720
185
188
651
991
334
928
204
951
715
713
369
645
891
649
137
534
866
164
570
409
961
644
472
174
568
627
451
721
907
712
227
89
6
565
714
995
763
202
891
639
575
456
829
92
763
888
858
168
117
495
257
480
955
129
325
112
414
273
379
602
711
611
74
774
180
792
53
168
603
452
187
207
395
942
774
419
47
562
804
223
452
82
588
445
185
331
956
920
882
522
378
318
715
616
6
278
159
406
757
356
222
283
168
984
265
5
537
906
36
580
417
705
117
536
264
661
349
255
951
931
791
121
267
517
838
305
753
602
595
601
573
679
358
318
787
94
685
968
309
930
232
588
142
690
631
626
857
725
626
603
173
541
511
310
641
380
807
694
767
622
970
311
332
27
767
445
872
873
975
662
991
750
199
57
314
542
108
502
405
434
339
148
338
604
688
203
582
851
969
428
270
24
637
381
463
496
419
471
918
848
176
873
353
605
3
597
449
761
530
946
526
462
935
501
280
594
409
102
247
423
87
573
828
534
33
407
771
609
115
525
459
176
496
883
540
67
472
802
159
267
915
356
607
374
519
23
723
766
933
80
322
931
671
431
323
391
692
165
785
137
914
63
632
437
595
498
285
408
567
338
129
826
896
967
225
182
286
366
102
487
712
948
115
834
179
253
493
410
847
510
827
779
290
