947
707
494
707
772
499
957
921
518
171
457
982
898
147
611
848
572
119
423
866
437
906
486
859
612
417
160
258
459
975
474
630
352
455
524
396
96
833
123
69
732
11
535
154
170
329
595
456
61
566
460
822
324
987
304
6
620
786
972
95
939
36
242
717
14
96
656
563
701
418
850
32
384
25
602
166
591
245
460
481
253
822
307
147
518
159
244
610
799
448
547
423
199
276
620
40
472
902
69
762
915
657
824
850
364
257
110
143
161
130
753
343
739
987
266
704
57
522
447
631
423
767
737
223
840
747
289
334
156
252
443
481
19
792
783
279
667
783
795
543
52
368
307
56
131
706
232
807
435
5
187
97
63
801
828
544
975
712
519
307
61
603
759
998
197
621
449
819
326
430
179
688
670
617
522
254
927
931
631
770
634
295
704
689
976
172
296
240
275
712
381
567
331
890
245
631
172
816
613
159
613
416
360
305
928
347
321
298
886
547
276
609
293
207
322
655
402
443
454
475
857
539
526
419
349
323
44
89
253
96
410
697
639
120
896
770
12
446
205
133
865
15
658
413
581
64
835
867
807
452
913
228
725
448
115
942
978
770
992
679
940
72
409
531
9
840
174
928
327
426
64
865
338
596
536
107
684
503
34
124
366
584
918
900
114
934
616
847
46
211
744
329
723
601
446
565
749
991
694
9
732
824
197
836
344
35
908
29
473
73
859
923
2
694
506
912
510
36
252
206
995
304
651
888
482
795
710
447
588
234
709
725
96
187
474
778
956
718
727
132
506
990
612
73
518
164
843
803
332
360
965
289
290
259
775
298
306
735
62
478
115
278
698
246
431
153
53
735
456
749
942
987
941
681
129
263
774
77
323
879
965
171
36
72
496
570
924
422
668
680
340
661
359
652
672
67
923
758
8
819
367
276
636
866
182
146
891
490
63
166
736
727
908
529
386
236
557
534
650
62
723
394
12
987
705
298
694
326
358
674
686
140
187
173
322
739
152
351
71
245
526
450
942
96
806
913
825
84
792
135
630
331
731
388
99
509
223
608
530
631
361
944
826
243
488
869
579
833
904
62
951
590
588
24
115
945
915
771
958
808
234
935
335
412
870
105
52
307
781
918
906
574
212
416
849
389
215
779
181
706
847
321
933
341
631
643
524
272
484
924
83
497
788
797
244
777
32
146
279
553
11
531
624
591
575
539
343
148
559
164
537
387
999
804
623
534
973
615
550
39
373
14
838
403
733
602
959
759
443
473
578
63
618
496
187
993
486
745
51
368
131
604
820
681
485
875
901
715
603
44
804
771
317
889
566
346
755
6
716
806
708
591
842
318
961
392
370
52
660
940
672
14
437
804
602
709
781
14
975
495
676
614
210
995
62
968
248
162
366
378
398
393
329
39
938
578
544
523
581
717
872
115
314
869
240
898
455
154
832
739
74
838
501
693
462
682
618
361
797
764
601
621
425
782
545
436
604
186
535
602
175
257
923
819
953
364
998
622
475
115
745
90
338
362
909
652
298
668
847
214
51
303
763
95
697
236
364
173
334
137
49
585
817
70
511
631
522
528
746
23
769
99
408
393
160
23
146
334
64
673
109
583
217
252
654
550
649
554
80
59
209
627
567
772
879
250
215
101
36
557
945
272
457
166
488
303
800
310
528
770
225
543
366
382
722
449
976
296
837
986
167
750
764
762
209
738
34
81
670
846
764
317
870
344
271
416
209
729
151
81
246
820
355
536
611
548
334
515
917
49
200
925
417
344
25
178
417
330
586
543
968
722
957
128
852
167
146
726
373
577
204
42
500
952
325
675
22
167
920
314
489
408
638
60
75
830
65
932
140
272
280
177
663
41
950
158
704
682
777
565
557
612
240
932
146
511
234
715
539
734
282
721
390
866
587
901
914
796
936
691
610
100
508
87
217
795
608
102
136
865
227
169
937
949
236
581
645
498
774
11
989
495
663
574
402
11
970
579
233
982
19
679
652
53
201
522
50
347
879
969
316
978
182
373
368
301
610
183
886
450
890
548
771
373
481
488
7
2
986
877
24
235
752
286
164
235
264
505
387
374
977
632
374
638
584
410
238
641
85
768
976
259
35
676
552
488
962
256
627
203
485
543
506
964
759
221
874
939
845
428
736
291
681
2
504
1
512
805
264
578
323
811
639
532
364
655
831
524
52
910
831
342
682
201
455
195
734
512
675
821
945
544
194
426
489
25
922
879
870
464
899
154
76
864
931
772
576
939
641
477
117
655
243
378
588
484
789
9
1000
329
265
324
316
380
694
735
806
590
637
18
946
490
238
261
174
590
389
605
361
467
252
723
626
7
507
936
885
667
410
200
937
981
922
280
225
444
612
213
514
896
658
733
124
42
616
40
695
259
459
375
771
668
390
366
280
579
44
634
529
788
523
90
730
323
625
465
490
168
396
953
40
635
19
592
548
332
811
378
80
970
423
943
457
213
185
138
173
910
859
868
751
899
806
74
553
934
190
375
246
648
628
227
280
731
491
559
375
307
528
170
798
436
630
359
250
737
883
757
675
42
152
776
997
189
625
660
975
818
426
114
419
497
568
919
887
190
170
970
913
310
728
783
936
808
59
630
805
926
115
888
322
883
391
729
146
659
939
476
4
286
551
201
207
730
520
639
742
765
646
850
504
267
854
79
317
903
273
77
176
574
326
397
924
488
437
857
274
802
227
962
982
823
996
670
164
336
505
454
249
221
664
569
220
423
639
161
301
905
709
958
153
545
365
957
783
423
20
35
330
77
373
173
674
757
55
394
358
212
143
874
939
238
552
129
999
602
459
766
371
445
630
991
815
12
131
955
701
979
948
392
449
952
95
977
441
287
956
639
99
10
800
480
676
302
505
366
175
519
308
365
755
240
88
593
465
845
439
375
643
263
596
119
284
189
765
645
939
685
233
841
772
618
999
565
251
504
840
182
555
598
686
451
335
87
23
647
688
584
890
382
45
711
122
953
738
552
665
14
632
228
266
355
827
289
38
60
171
568
535
849
142
137
393
661
893
399
874
879
734
614
992
718
153
328
485
66
575
846
277
431
933
706
412
654
916
331
89
623
123
653
248
740
892
110
85
955
984
682
577
550
828
780
886
887
52
19
877
409
869
494
506
226
287
823
530
483
325
668
120
848
681
143
838
320
729
828
587
961
163
532
312
235
702
772
259
347
48
116
955
966
339
274
190
762
359
310
544
990
526
68
20
480
568
756
834
456
530
159
757
662
786
125
955
747
200
558
731
866
638
513
53
550
211
740
868
262
977
323
122
536
588
483
735
247
304
107
50
765
600
370
626
456
437
507
832
793
888
256
600
639
403
906
689
291
443
843
850
150
8
64
991
248
505
603
599
629
152
441
369
102
644
376
769
956
701
990
581
834
505
633
386
618
519
457
71
474
969
504
908
346
265
46
742
672
216
994
775
358
497
677
963
668
322
910
927
569
202
888
911
700
604
966
785
549
141
707
327
278
347
320
751
840
151
180
735
985
375
81
716
516
779
543
60
351
283
293
391
690
395
528
913
843
989
799
988
493
755
99
616
772
460
821
949
316
838
559
609
82
535
739
704
483
93
236
857
607
220
485
506
716
845
749
993
734
90
694
934
159
632
544
575
304
454
71
837
388
558
154
511
827
989
671
633
177
94
522
136
874
330
120
473
730
43
866
800
497
991
519
381
739
520
349
620
454
370
141
230
526
226
378
876
953
487
815
896
131
275
58
173
170
855
204
635
442
874
671
231
190
207
829
365
28
889
651
52
548
313
121
56
869
538
396
961
363
819
262
372
731
246
494
206
814
739
780
531
294
336
554
998
536
987
299
64
454
988
907
2
30
446
955
949
739
321
383
21
462
866
338
128
234
241
461
1
486
725
782
843
113
158
26
925
375
541
458
67
769
70
545
123
788
33
829
562
933
755
14
375
184
375
241
336
974
943
830
766
820
645
661
119
920
4
74
471
267
73
641
952
309
576
386
771
209
197
770
265
39
621
615
871
55
579
789
100
407
536
622
442
464
755
444
231
201
354
681
520
576
376
776
916
121
914
260
931
14
591
71
233
113
968
741
713
921
268
376
597
848
34
156
532
227
75
892
744
574
393
235
221
932
586
846
535
835
331
342
172
507
843
323
768
103
321
608
762
429
16
776
893
246
434
662
164
643
656
787
718
592
673
421
940
766
413
433
830
791
770
317
120
843
878
736
188
238
813
887
40
472
840
833
181
525
198
904
548
96
359
765
113
983
85
780
484
554
778
394
267
105
719
482
716
609
96
781
678
585
553
448
161
428
505
688
145
775
578
157
590
909
865
268
804
572
768
615
870
739
931
299
966
739
528
90
384
201
918
761
388
605
596
531
548
565
486
146
845
571
840
547
355
979
738
642
660
697
488
308
651
119
795
87
774
652
158
241
460
946
396
897
702
115
737
129
174
193
688
218
480
338
702
960
217
698
897
269
496
439
570
494
77
626
194
790
217
160
906
877
751
78
327
568
222
496
863
161
970
343
798
508
596
176
610
189
435
60
834
525
109
666
136
271
387
233
611
866
139
308
283
708
52
918
555
569
612
906
703
593
37
781
438
886
103
421
784
315
401
149
769
921
628
356
274
739
395
663
21
143
135
217
999
497
894
184
974
201
77
847
189
386
840
854
629
275
135
408
412
146
150
890
121
551
339
154
568
871
119
226
828
217
589
261
577
244
629
73
753
842
213
873
316
765
946
553
598
549
930
313
96
764
1000
816
223
538
292
201
533
333
646
215
285
934
696
978
511
488
913
193
115
903
687
631
120
386
3
770
206
309
867
941
106
655
170
575
674
187
961
540
324
685
390
992
222
554
642
892
903
912
117
155
3
639
644
88
545
323
435
332
107
80
461
200
820
415
902
254
567
825
586
155
123
488
96
961
529
993
137
881
920
10
389
617
979
489
457
363
238
305
479
89
168
186
927
628
7
388
945
472
361
266
453
741
920
354
53
509
409
872
683
402
565
950
976
373
36
965
163
927
730
764
533
230
226
191
248
485
977
596
615
538
777
951
400
892
620
96
431
500
597
243
485
641
943
410
213
312
908
390
885
780
224
424
586
335
459
477
416
171
227
770
946
21
755
249
564
311
838
863
289
84
706
841
576
770
123
256
262
891
649
656
243
169
345
740
140
179
287
746
459
363
249
921
753
330
477
751
972
607
113
168
593
96
872
931
933
16
708
780
783
974
818
291
635
677
560
278
673
896
132
826
46
807
300
699
143
335
181
912
69
578
507
919
137
777
578
571
933
383
508
379
22
145
375
310
929
339
812
680
179
539
78
307
373
760
278
144
990
544
751
223
30
134
343
184
595
328
562
938
369
841
225
799
290
71
137
354
502
125
338
679
892
256
520
366
305
119
499
53
413
598
596
542
43
729
794
404
783
254
264
550
800
663
286
210
936
341
8
655
580
317
617
73
565
440
811
485
679
916
339
566
758
312
608
95
807
676
903
560
546
382
123
353
788
18
334
92
856
855
287
690
561
643
754
540
933
140
278
539
204
339
818
352
870
359
730
882
90
91
516
526
98
655
452
649
596
926
715
193
366
404
978
599
902
514
692
623
445
177
564
232
864
84
468
638
382
240
624
610
806
116
479
85
18
42
811
754
858
974
100
901
498
475
339
244
514
982
5
713
492
436
48
812
701
604
8
967
257
39
905
584
166
379
900
20
350
767
159
878
321
237
256
199
729
295
690
725
45
875
802
72
737
184
837
287
586
31
171
917
29
647
714
365
519
693
870
783
497
486
448
104
888
636
479
803
226
856
289
245
579
562
474
448
153
708
509
217
514
584
511
582
878
618
891
995
207
892
269
729
244
324
482
319
15
63
135
492
508
41
281
998
454
859
53
247
537
935
668
842
579
64
765
660
699
631
242
464
159
387
271
232
57
684
624
644
944
793
862
982
543
62
618
459
420
107
156
295
298
239
43
837
80
490
683
244
874
394
230
843
853
31
940
240
531
33
891
924
575
895
656
791
757
841
686
380
805
209
129
742
689
653
930
919
136
631
890
679
12
340
927
159
924
860
792
477
366
405
549
389
769
454
602
998
192
438
312
431
556
559
786
901
582
349
840
269
934
126
413
174
120
639
739
57
857
380
70
488
326
193
590
820
477
317
935
827
169
711
56
279
322
513
587
394
76
890
145
404
946
53
331
835
454
579
638
265
527
742
785
743
534
40
345
271
428
429
548
714
363
78
471
993
4
460
802
750
988
958
159
802
633
956
457
388
578
498
278
141
656
91
1000
777
503
543
42
906
416
264
25
101
721
17
918
144
307
379
626
589
873
260
451
798
333
783
883
183
281
266
755
670
856
436
24
203
457
601
651
539
313
106
598
846
661
673
4
784
759
985
151
834
925
38
183
985
166
352
340
376
703
775
917
500
683
523
599
841
460
851
526
937
200
175
552
682
396
368
918
546
465
648
339
586
850
867
43
59
260
372
484
74
649
47
480
330
506
814
392
467
941
896
45
70
288
30
1000
38
701
684
920
907
704
245
221
795
749
344
240
284
487
546
252
284
959
209
754
451
696
543
837
555
264
200
276
735
516
556
444
717
766
13
864
714
262
877
141
852
15
606
465
93
125
613
90
650
394
205
218
782
968
775
816
99
379
688
198
38
382
227
916
905
569
404
931
38
221
515
772
265
4
988
829
126
125
615
582
893
938
941
788
50
327
877
287
287
731
121
247
79
229
163
602
854
400
536
247
313
157
191
470
566
443
726
479
932
100
961
596
639
459
824
874
545
119
242
877
926
3
330
509
529
178
662
950
556
61
733
938
217
497
711
857
910
443
496
956
924
4
790
688
6
202
67
200
587
892
175
920
283
561
13
669
188
988
698
62
504
502
142
660
153
705
330
928
547
298
525
602
356
551
330
463
887
771
181
71
165
47
651
538
738
53
233
135
560
470
970
942
389
388
952
351
207
483
50
334
797
339
297
351
308
506
558
432
391
663
96
763
218
60
185
158
976
871
59
587
774
38
353
679
877
583
889
774
687
29
513
13
197
178
660
407
165
256
732
70
238
872
985
349
966
207
233
643
984
173
885
445
905
293
281
909
786
538
382
85
851
550
933
658
22
805
637
480
419
744
77
689
868
289
672
729
676
982
969
417
573
909
711
840
1
23
696
605
675
504
451
916
631
994
313
640
529
548
10
841
290
872
545
586
3
792
275
496
854
457
335
964
983
713
544
875
149
727
665
738
518
184
966
719
12
222
999
740
30
601
814
126
74
616
258
608
955
319
993
366
817
75
898
517
954
520
373
817
365
150
480
94
68
886
647
151
771
732
915
532
585
20
133
876
759
721
347
468
570
521
399
891
457
572
139
900
408
657
558
818
60
96
731
544
786
419
771
256
549
108
433
176
584
97
163
269
291
758
74
239
370
878
573
840
715
565
130
144
799
237
702
475
258
460
735
827
726
506
471
933
484
368
37
579
289
344
669
902
903
565
964
564
764
838
145
417
96
109
969
940
454
560
880
695
850
132
125
287
845
924
521
815
327
67
168
341
69
738
181
369
664
328
885
988
369
119
660
129
839
324
925
987
387
354
492
86
292
110
999
220
374
527
902
683
293
587
640
788
898
354
731
75
560
951
651
546
591
150
720
76
348
543
352
355
567
577
484
380
837
901
31
67
777
744
907
889
376
775
951
334
42
321
135
677
284
224
163
897
849
330
301
368
410
657
583
983
909
788
308
377
27
820
80
273
366
974
839
195
609
300
834
978
340
672
451
734
237
242
212
931
694
799
20
549
381
701
171
336
369
834
166
519
250
816
544
207
869
567
180
399
878
914
282
504
129
434
587
151
159
51
97
783
365
628
924
763
203
717
920
54
941
223
757
164
570
549
719
586
147
390
9
471
988
734
408
511
452
465
721
254
668
91
119
210
64
847
117
602
397
412
859
329
41
118
754
223
506
250
205
444
832
753
418
31
824
220
574
573
481
205
765
743
655
611
303
342
934
920
145
166
969
699
561
596
155
609
206
505
62
563
860
894
960
751
159
869
509
108
281
263
915
385
4
440
532
184
127
702
875
818
7
82
465
724
237
705
349
791
623
338
306
725
774
316
812
186
170
722
245
711
710
778
908
483
688
261
825
420
505
899
512
993
129
630
882
864
203
762
256
323
269
59
23
228
592
805
847
310
19
409
451
125
49
710
702
836
491
374
478
205
887
239
48
528
397
69
678
415
279
717
929
954
123
972
881
40
865
527
740
381
42
165
223
513
855
98
166
638
473
477
370
375
518
318
654
729
989
454
329
234
551
836
482
781
376
372
495
818
441
851
82
833
111
404
526
679
138
198
820
249
121
808
662
645
423
621
692
70
855
535
493
732
132
200
374
656
525
464
772
250
821
476
29
934
346
403
589
185
556
494
355
555
494
943
703
967
172
414
295
590
157
90
675
55
485
729
854
962
659
493
709
583
645
714
677
567
697
75
166
100
840
544
181
56
140
252
319
743
759
497
90
897
809
972
737
83
37
977
745
284
617
348
174
293
591
81
862
747
459
409
180
326
98
543
4
962
936
458
925
268
587
649
93
593
987
681
762
813
548
531
149
281
728
746
146
129
771
405
734
384
697
281
756
885
218
173
624
495
962
617
955
125
485
708
939
543
954
779
461
416
106
764
721
738
613
920
996
634
953
975
216
998
802
24
31
377
12
587
188
311
755
181
269
162
62
629
911
887
966
595
558
478
574
346
305
258
50
176
318
289
91
442
224
694
970
713
774
342
614
722
302
707
682
286
267
89
781
304
843
266
865
886
626
697
836
487
513
537
693
642
389
191
964
909
466
477
818
536
241
300
797
603
202
23
735
896
687
816
199
833
3
349
894
751
559
807
74
141
426
53
578
571
685
422
206
299
672
812
254
943
992
703
703
537
839
920
356
753
425
689
684
107
647
254
527
832
545
844
348
471
96
123
13
911
158
260
158
545
483
308
795
989
379
558
207
98
266
743
567
194
375
557
838
357
897
121
987
834
1
361
123
816
603
241
936
6
204
393
813
541
672
409
231
772
678
548
617
167
939
310
515
816
547
812
106
22
483
285
127
183
434
619
686
191
906
395
325
494
228
744
442
39
505
892
799
998
600
637
746
898
591
249
841
154
245
121
803
428
462
215
318
350
675
194
835
97
126
797
151
807
606
923
886
385
686
518
898
46
310
518
764
444
743
27
320
519
641
92
389
55
398
192
149
688
342
51
217
384
681
492
855
168
364
519
793
789
270
686
892
746
473
726
434
73
575
324
198
125
118
539
35
55
397
459
131
575
708
880
887
328
474
871
604
344
672
487
906
915
312
979
756
419
786
430
866
355
415
798
713
731
624
33
704
837
33
739
67
934
586
224
907
561
636
977
30
233
376
195
375
778
588
140
932
312
416
193
792
530
780
122
770
453
447
701
502
480
61
53
882
346
657
531
220
962
823
34
127
454
288
279
849
554
180
486
751
838
972
200
839
500
528
102
233
157
378
897
490
658
680
961
419
878
792
618
929
777
48
445
682
476
763
344
626
424
83
166
799
301
28
949
688
673
55
915
926
713
467
664
884
735
8
952
610
923
160
71
918
954
281
155
857
728
371
840
46
271
80
986
772
936
400
687
985
99
957
731
412
269
612
307
683
559
684
519
262
192
749
677
212
726
901
595
119
549
553
8
193
191
839
391
842
56
848
782
514
43
895
517
770
870
344
34
855
419
238
137
663
931
877
162
12
732
315
502
900
558
279
627
756
346
224
543
770
342
977
232
184
822
511
178
919
401
858
977
193
451
214
357
846
296
220
435
523
341
877
614
395
816
599
535
873
888
954
264
305
803
394
556
946
239
695
430
539
656
461
251
178
112
260
683
630
250
688
177
892
179
684
34
157
143
705
247
785
706
708
892
965
441
182
859
982
77
422
303
77
770
230
492
899
864
770
647
988
160
666
788
732
282
452
819
812
825
806
670
145
127
81
675
632
807
175
523
849
71
55
887
454
125
9
628
68
584
25
276
217
909
145
67
942
46
835
874
94
575
833
837
198
786
32
757
874
416
25
878
524
740
794
413
281
964
469
171
74
203
715
726
835
396
387
356
534
571
262
250
424
783
397
156
829
798
103
788
948
576
88
734
696
281
802
439
398
819
734
718
386
836
771
83
119
219
662
52
773
138
546
141
136
882
95
359
595
113
177
717
894
67
911
93
63
639
61
551
950
957
157
978
412
16
76
202
352
860
317
301
397
680
857
76
224
418
883
793
555
152
645
370
846
948
704
573
975
413
139
697
284
755
569
87
445
251
696
70
142
387
842
598
180
277
930
310
330
89
701
556
674
184
96
777
297
982
40
640
860
676
186
908
646
460
363
446
77
122
546
876
938
464
310
671
49
383
415
133
127
488
88
536
338
666
95
187
57
800
822
839
388
36
97
213
82
321
480
430
302
615
891
333
484
495
410
365
661
612
1000
70
727
391
161
508
616
783
758
210
238
124
411
353
748
996
782
44
364
562
358
254
337
144
70
530
275
698
801
776
983
247
364
853
564
746
561
140
525
119
421
806
846
802
134
987
441
119
797
309
252
886
440
237
838
365
617
824
272
38
13
521
88
704
815
549
290
229
281
229
52
182
573
948
535
773
464
410
22
164
397
911
584
906
296
696
316
915
893
495
420
891
496
740
856
613
966
305
745
119
128
957
952
533
403
442
129
358
551
638
129
700
154
580
332
267
540
681
787
410
675
209
568
189
181
783
85
564
560
183
697
224
87
776
728
302
540
134
835
168
402
547
440
334
810
678
937
357
747
701
310
882
834
550
465
103
188
831
67
401
836
527
137
594
570
781
140
209
38
654
365
202
136
479
144
691
933
89
965
192
138
804
595
352
215
738
964
444
203
195
270
661
531
342
582
360
378
905
653
856
301
76
296
560
369
262
770
9
867
935
568
367
970
620
442
871
162
238
370
499
263
518
873
428
861
341
974
122
742
464
672
432
723
619
540
890
226
124
416
432
928
206
442
375
309
365
802
339
522
444
982
949
443
59
361
586
252
779
802
387
939
53
203
685
723
890
781
8
409
618
957
87
451
395
225
879
823
765
763
971
563
446
357
305
366
578
981
872
786
486
705
147
756
412
320
796
544
164
24
453
168
242
841
882
416
405
773
615
2
996
900
861
92
755
545
409
460
442
415
651
742
745
713
452
999
631
331
964
113
467
313
397
562
602
402
830
765
563
797
6
698
440
300
409
874
36
615
14
890
28
426
106
48
187
568
380
830
401
170
973
988
52
274
138
863
64
281
752
485
612
890
542
368
619
152
705
995
77
755
331
127
741
857
898
555
770
464
548
715
767
750
16
187
902
844
890
374
358
541
756
949
896
201
470
496
250
982
930
221
482
559
379
702
976
833
538
966
658
908
214
812
848
894
522
731
655
546
789
535
629
749
183
323
845
771
585
50
496
601
7
903
396
716
808
380
104
497
255
53
65
900
74
963
899
798
648
802
58
258
61
159
737
613
858
179
492
231
775
896
624
811
655
685
954
28
582
899
362
233
979
560
708
235
158
396
713
600
563
194
435
487
133
805
521
632
675
717
653
837
698
603
860
360
871
117
204
130
445
519
708
455
745
523
912
200
995
621
467
907
312
318
931
552
354
508
775
835
654
757
507
649
635
762
240
869
915
925
957
850
673
849
855
703
868
221
836
847
740
407
772
237
799
127
374
995
532
95
949
118
801
390
648
85
226
732
432
737
128
80
588
86
924
159
380
311
494
393
907
217
846
997
85
478
632
368
706
685
814
319
447
394
272
909
270
937
344
833
303
873
364
57
379
286
692
980
706
214
748
884
947
974
123
698
394
707
942
662
472
243
357
653
766
28
944
891
885
982
679
264
931
313
285
842
601
96
18
35
623
436
857
127
270
381
2
118
393
817
90
129
873
532
412
110
388
476
539
454
808
350
713
899
244
45
608
693
988
188
111
827
307
4
905
951
298
997
208
82
701
369
405
677
32
533
464
428
860
26
661
400
83
81
96
807
301
461
368
995
587
979
48
790
561
541
238
361
157
518
46
786
534
992
901
438
669
894
71
910
507
327
907
112
320
736
227
393
286
201
174
352
504
166
482
537
65
436
102
502
738
157
98
433
24
220
241
843
550
420
957
284
814
682
750
665
799
515
389
234
380
92
826
249
617
281
977
712
904
480
629
45
525
449
316
107
256
204
515
364
148
894
15
432
206
823
500
831
42
310
195
707
440
666
252
481
460
785
793
172
661
471
251
553
209
158
60
3
119
897
138
3
256
197
539
234
368
925
638
169
670
162
933
620
576
722
905
410
684
259
240
92
247
413
367
908
53
212
271
529
658
739
3
899
487
45
168
299
774
364
859
960
323
654
124
452
60
954
605
969
256
24
628
284
354
161
618
685
737
789
806
401
364
844
379
334
96
685
74
316
341
518
893
465
242
728
982
954
415
26
988
314
219
23
546
126
538
384
950
92
178
998
43
347
339
556
461
737
734
917
442
572
358
701
51
2
317
551
826
16
553
624
82
520
503
911
272
567
282
949
85
610
275
275
6
260
863
136
292
710
918
854
445
770
744
617
164
578
569
971
160
945
963
886
334
261
323
176
926
56
520
226
114
350
249
281
799
464
92
123
241
882
19
168
3
536
892
847
277
789
685
840
976
440
271
840
506
465
558
921
673
714
272
939
744
450
945
813
430
468
792
898
819
85
840
170
849
268
241
281
42
887
25
301
368
2
366
107
627
61
698
696
568
716
873
517
783
424
317
818
833
347
95
727
671
235
499
443
816
449
305
179
576
582
441
595
607
857
224
3
637
551
387
618
230
16
397
47
501
879
488
226
219
306
813
954
437
383
844
356
809
353
157
10
748
92
893
709
764
258
492
242
296
565
776
932
96
376
325
795
999
595
749
20
786
742
452
617
531
428
514
506
311
314
325
281
704
52
643
139
462
254
674
118
156
416
295
371
77
67
337
617
92
251
538
368
765
338
147
84
577
905
654
291
884
17
711
218
852
24
306
78
800
271
532
959
995
35
707
610
671
770
84
866
794
685
494
307
944
51
773
455
848
74
238
520
189
612
355
394
271
618
442
609
175
450
298
135
167
450
464
654
895
240
463
338
112
885
293
583
755
668
545
724
341
672
896
673
347
169
340
953
848
824
347
952
261
326
271
566
942
285
287
261
785
703
157
341
57
7
554
520
21
491
399
761
487
499
839
351
350
295
177
660
591
386
80
877
956
614
93
377
76
908
81
307
631
548
678
664
399
158
164
588
758
968
640
49
531
874
147
515
891
783
582
341
245
780
39
675
966
29
327
588
341
931
676
372
668
555
883
979
826
422
994
795
452
574
589
917
622
673
440
911
812
385
445
708
529
585
166
768
53
368
820
306
138
161
678
75
845
428
472
21
915
441
948
359
769
460
284
976
180
303
199
713
225
422
989
338
961
650
274
138
435
893
555
71
502
782
766
514
328
864
279
64
78
390
286
13
616
975
607
736
513
603
507
916
221
967
654
566
106
655
983
333
94
229
218
188
322
197
882
576
542
720
239
872
40
327
565
733
214
738
56
61
590
234
925
23
948
990
264
440
74
213
988
834
583
663
638
601
640
935
461
87
821
579
586
977
694
962
554
884
605
453
297
266
473
217
151
958
661
306
18
813
110
562
481
923
779
64
845
802
150
592
756
191
682
10
623
198
739
619
600
461
803
719
719
911
440
36
513
223
366
689
61
937
245
271
872
731
239
53
760
141
677
695
875
502
885
116
469
895
534
858
943
725
791
196
264
456
330
379
796
3
578
275
452
115
153
413
167
625
8
422
464
289
610
411
394
178
803
285
163
654
10
619
466
995
935
483
578
527
293
240
857
317
520
44
310
531
608
7
274
570
918
507
950
208
23
50
276
120
164
176
207
858
300
137
205
743
133
596
942
17
318
195
696
614
29
930
855
700
161
366
103
710
224
32
64
938
56
774
959
938
847
402
950
776
811
401
956
914
863
98
858
947
892
398
386
682
968
398
890
353
758
128
572
112
524
919
274
917
777
829
184
620
548
949
306
30
247
227
697
495
683
540
620
502
843
577
847
344
689
515
614
29
610
804
526
723
780
685
943
655
545
716
318
492
347
717
581
175
215
743
647
104
544
247
789
133
674
219
101
81
577
622
671
219
571
810
495
480
976
948
739
527
876
403
356
850
665
570
125
395
303
27
707
693
803
182
734
619
571
898
865
798
674
3
104
717
1
128
581
25
566
647
48
699
114
618
59
725
682
572
781
936
619
559
127
194
143
385
169
451
674
716
166
566
980
208
800
416
266
314
632
835
701
261
529
914
851
174
614
403
477
86
895
254
967
627
235
801
82
629
475
112
207
474
587
992
978
443
698
404
11
613
699
388
277
909
779
243
254
834
268
277
596
300
262
576
232
686
487
664
77
561
342
574
901
802
629
612
820
484
875
739
79
178
401
739
829
230
106
89
766
898
319
277
323
44
953
467
736
5
30
800
103
417
687
144
853
562
867
924
536
49
308
265
267
124
4
36
166
460
759
501
342
910
320
716
4
930
814
940
602
993
299
22
539
637
650
382
501
547
693
973
213
26
491
886
544
507
597
21
197
991
436
333
497
31
835
386
110
212
828
53
24
300
553
197
689
343
45
242
186
611
347
280
319
413
39
937
489
234
384
466
451
756
35
39
857
164
863
721
513
180
920
577
217
825
480
530
708
717
899
201
44
511
85
464
986
763
276
589
931
284
353
266
105
659
7
974
799
703
763
613
799
799
476
166
372
581
667
842
995
161
202
19
197
381
530
333
443
129
313
305
641
901
851
422
279
803
832
786
144
524
508
487
324
514
750
222
155
508
167
790
415
145
372
932
503
654
230
833
748
353
270
231
162
32
29
756
219
970
222
361
633
784
213
653
479
507
863
712
526
648
693
422
754
84
451
589
388
289
136
736
213
960
172
605
341
824
732
404
994
897
158
719
157
388
42
602
69
235
439
853
709
986
505
926
466
16
967
510
17
629
687
860
957
765
808
119
152
262
737
522
506
390
654
950
377
268
123
306
595
69
150
75
378
253
19
993
444
112
690
426
31
655
173
430
689
663
805
117
903
462
107
115
462
43
635
307
158
83
335
427
433
513
600
767
873
213
850
748
571
626
212
986
531
57
962
415
492
551
395
422
242
605
672
549
858
253
946
778
946
15
620
956
741
637
386
763
315
981
163
769
387
894
480
252
360
923
17
867
522
7
812
193
919
584
164
77
394
820
759
753
18
381
755
77
754
291
790
828
860
688
56
82
232
406
352
400
934
165
336
583
384
905
389
137
911
956
788
897
868
31
609
211
472
914
922
704
984
952
949
383
404
728
249
584
110
463
369
286
388
276
660
528
78
903
627
354
299
488
151
454
111
292
562
996
746
995
296
997
394
704
591
557
42
965
837
938
458
278
799
761
357
83
243
451
379
204
551
817
745
174
641
135
355
458
977
572
32
390
468
386
65
372
917
544
105
539
169
44
788
201
841
731
406
679
415
886
841
974
542
325
504
78
554
433
819
494
867
1
215
846
277
12
599
614
810
374
619
739
102
545
930
433
916
451
511
251
841
121
942
428
240
897
990
634
508
957
246
896
174
21
186
292
127
575
606
9
700
76
303
161
452
478
920
252
163
227
920
217
268
282
80
618
488
612
562
356
907
428
363
183
584
460
80
101
652
33
830
932
394
635
748
738
655
415
938
142
343
511
131
558
801
877
955
542
68
174
195
479
615
400
594
836
698
733
784
69
288
916
63
375
8
639
155
484
377
364
742
26
717
790
992
174
244
907
928
253
740
197
318
284
114
647
904
991
196
43
431
647
415
414
836
459
543
839
920
93
906
956
446
91
811
422
467
36
406
423
471
182
684
804
781
541
91
317
147
210
882
354
230
647
114
749
549
941
107
498
735
825
368
470
273
761
179
243
442
575
606
80
988
59
516
715
183
108
891
677
224
623
896
692
172
403
933
218
786
480
225
311
542
163
573
21
47
699
65
219
873
236
642
964
325
636
230
861
872
935
853
696
641
436
521
889
548
683
167
461
510
331
941
992
455
378
748
275
762
786
963
258
310
47
590
986
505
481
590
791
366
117
572
335
18
971
813
791
803
48
16
589
209
291
907
296
6
507
79
510
790
988
654
440
220
796
490
543
197
207
544
545
685
278
749
527
496
223
35
223
278
894
486
560
432
517
690
249
973
500
242
300
542
228
309
802
614
397
8
305
140
347
260
38
439
187
476
192
891
964
873
990
382
245
394
305
873
640
432
576
843
556
688
514
556
205
179
330
577
566
197
865
429
782
551
794
835
532
405
693
374
688
943
801
353
699
86
625
277
345
11
94
294
57
484
627
468
426
7
401
557
25
791
843
787
822
995
165
31
892
54
190
666
728
706
211
245
109
662
850
981
556
847
783
255
802
78
771
753
518
743
806
791
46
53
807
26
107
201
42
868
228
330
72
259
3
926
392
59
191
195
905
861
511
772
339
607
210
174
688
694
867
201
557
214
60
655
737
944
990
629
54
973
952
69
134
794
409
809
399
846
904
440
601
739
295
439
837
159
636
981
748
192
721
97
706
384
135
724
584
367
611
552
33
820
208
840
501
933
593
89
470
414
833
401
917
807
450
455
884
639
901
844
423
939
841
764
380
99
90
436
367
803
687
730
131
537
694
542
536
951
870
657
552
160
724
689
829
16
246
878
555
769
578
120
900
593
55
411
324
943
267
836
564
38
877
885
281
452
575
482
275
952
893
520
127
967
692
589
286
817
287
966
277
278
478
690
36
903
742
918
133
644
464
945
958
820
139
865
609
956
214
946
863
432
451
163
808
724
371
531
997
852
265
41
641
620
816
930
268
285
442
309
214
481
323
305
443
638
314
195
631
947
847
138
162
526
837
23
80
477
453
136
101
279
742
802
303
751
703
223
587
629
8
807
656
74
996
879
279
293
966
237
861
251
324
708
405
131
584
976
327
150
54
127
872
567
893
616
437
284
107
527
338
331
753
613
90
832
200
59
251
230
38
292
966
274
665
159
780
302
568
883
174
813
229
943
495
114
19
553
437
264
780
865
481
330
907
569
659
227
100
734
350
927
489
606
891
568
671
7
478
168
768
388
535
861
467
313
502
348
10
302
797
487
545
439
657
883
170
216
437
67
644
515
240
965
461
45
605
469
268
985
653
553
433
422
862
490
344
357
127
313
584
25
23
572
43
572
46
428
189
237
921
83
2
461
163
331
389
477
605
362
643
823
821
885
642
875
375
472
54
828
169
259
430
140
748
873
948
848
948
925
119
768
784
156
965
200
256
400
652
563
682
171
467
9
755
786
432
428
214
10
146
345
428
929
135
684
282
891
353
875
951
360
207
283
839
109
692
330
827
332
706
348
208
596
47
619
577
370
241
826
572
85
584
308
28
895
73
170
623
29
24
641
923
948
833
919
331
270
57
367
662
123
207
557
281
146
406
105
724
409
772
731
511
804
686
110
600
774
633
761
470
104
885
280
187
38
860
708
461
547
859
281
931
877
588
369
759
915
932
580
142
297
441
157
114
41
886
775
874
784
652
888
480
438
218
862
507
752
926
630
489
325
442
936
530
388
545
165
104
979
114
83
363
863
93
818
974
495
556
668
213
425
288
658
660
58
472
824
645
184
464
822
270
245
535
189
224
124
223
85
726
542
815
947
384
373
139
466
715
301
365
305
611
819
812
240
477
618
306
657
769
975
338
470
436
568
515
569
552
686
818
688
333
954
56
487
324
734
251
231
331
520
784
234
680
383
39
443
518
89
348
476
531
853
92
995
950
78
184
459
952
655
504
833
432
738
80
120
425
535
84
222
61
692
865
429
401
621
671
121
415
996
877
32
607
539
424
366
286
616
885
381
310
442
113
379
661
500
37
55
322
120
11
529
908
442
646
53
464
945
758
833
585
105
595
577
490
798
139
395
788
613
614
188
222
411
369
176
390
317
852
696
574
350
999
14
945
356
597
348
919
72
9
165
366
154
556
128
698
452
955
585
377
497
316
