991
516
177
662
429
536
92
944
706
517
912
464
206
705
107
93
814
559
47
951
729
538
987
574
504
63
406
627
441
516
217
988
156
458
429
743
199
460
22
236
597
371
279
842
864
217
703
197
710
713
863
77
103
811
209
120
848
533
624
144
279
760
518
880
253
159
798
901
853
979
678
836
393
263
176
973
77
875
849
817
351
550
626
268
231
10
644
35
296
642
126
120
989
692
665
248
294
293
948
562
488
450
920
449
472
635
824
975
475
563
320
772
751
697
906
768
391
856
72
461
480
202
358
229
891
227
940
432
26
812
623
454
550
380
655
427
655
614
286
517
197
17
67
477
502
205
480
92
398
451
126
292
716
992
890
287
334
791
438
389
125
199
633
813
639
457
446
19
896
686
189
179
750
824
721
560
262
761
3
69
409
495
527
616
728
691
723
213
853
740
608
914
336
485
957
74
763
215
984
977
440
692
313
607
603
13
184
105
407
515
867
955
103
396
553
857
420
911
449
804
493
710
561
849
291
817
866
440
170
669
3
54
4
800
698
330
876
800
573
913
31
359
427
539
570
672
942
151
558
948
1
998
755
836
103
812
306
920
866
419
462
483
73
169
641
417
621
985
896
456
437
65
934
231
966
741
320
270
455
952
502
527
241
49
761
598
202
813
628
48
270
93
475
919
255
984
391
593
934
642
600
910
380
354
918
645
374
996
229
202
29
674
876
503
694
962
648
819
221
258
525
731
214
491
670
179
184
291
904
763
853
349
932
419
80
668
362
629
822
596
856
698
769
739
752
203
118
154
276
424
569
793
582
253
223
95
609
991
678
369
284
675
259
506
177
325
434
846
886
955
267
241
812
20
263
651
134
277
595
816
432
739
475
549
395
328
949
639
456
41
451
288
454
703
772
811
164
578
166
248
96
960
734
138
996
223
413
700
977
890
413
685
645
666
518
954
683
460
104
809
68
361
944
400
45
191
36
886
775
38
333
849
444
971
905
68
629
782
444
957
360
532
959
574
234
315
262
887
820
755
274
987
530
982
818
317
427
906
922
807
247
75
309
157
644
618
665
667
941
873
350
525
35
28
58
810
541
697
323
545
668
821
553
490
382
932
63
434
579
574
499
725
577
772
658
28
717
643
551
471
923
143
436
49
282
171
283
644
723
475
823
508
197
110
163
384
580
90
942
570
177
923
777
490
517
226
122
608
139
133
284
610
763
879
396
772
764
766
757
67
537
732
764
634
827
806
604
498
677
563
195
5
84
113
79
876
220
729
200
315
404
860
882
868
424
309
290
408
39
782
579
716
193
451
78
139
538
76
748
487
685
896
305
238
937
464
357
291
1000
450
589
833
595
759
126
556
633
167
307
553
130
91
872
698
836
648
638
218
894
567
983
81
814
923
657
801
718
893
597
393
235
186
239
34
195
564
607
74
7
69
807
298
831
836
238
459
902
116
590
610
271
759
81
924
504
304
945
31
318
922
534
819
176
814
192
705
40
169
937
733
202
934
940
324
724
534
473
493
526
473
229
100
440
683
841
455
890
211
120
357
83
602
413
432
320
666
612
816
967
368
133
329
332
958
367
852
75
913
739
270
434
731
547
8
354
27
661
840
944
245
233
500
201
742
371
952
833
594
363
231
733
223
803
765
287
37
142
26
681
662
877
994
786
440
380
944
716
7
879
612
735
463
180
39
25
969
739
696
254
658
954
442
866
138
966
602
935
821
920
695
212
670
378
480
1000
213
588
964
278
234
894
980
79
411
60
716
767
478
911
826
545
443
744
38
5
549
665
211
170
460
283
927
459
188
898
513
9
233
979
691
707
908
728
832
23
265
148
405
563
709
938
163
819
184
305
250
166
384
65
308
967
130
130
714
574
921
153
696
878
925
95
674
166
300
393
118
17
38
971
876
924
759
284
670
414
555
686
303
905
394
101
232
564
891
294
586
83
283
369
334
230
832
11
341
557
771
214
805
927
484
967
102
280
994
371
396
5
511
997
719
617
525
596
145
202
37
813
829
608
231
787
228
329
219
747
246
449
414
822
34
328
15
949
644
210
9
558
19
819
337
646
1
268
60
496
559
677
675
662
289
941
109
752
79
74
98
573
527
840
336
394
692
366
634
384
552
323
56
611
345
253
449
745
89
999
213
617
229
383
79
958
159
246
520
705
43
993
794
725
292
767
952
957
975
36
33
856
898
84
296
766
303
554
925
48
508
147
424
15
931
481
965
705
963
386
11
365
307
819
842
218
414
541
198
987
46
481
86
545
51
256
950
310
77
54
509
408
674
349
560
943
943
530
138
371
506
522
854
587
720
166
192
638
814
996
637
982
839
4
395
97
879
682
809
747
915
22
472
512
456
279
718
359
709
178
381
624
564
416
779
371
693
844
330
228
329
564
325
63
134
412
961
298
129
217
343
655
807
810
696
631
538
705
385
596
484
217
506
398
281
308
821
91
648
570
193
230
132
112
785
600
829
232
441
689
460
18
387
581
55
530
246
13
3
894
813
524
579
211
784
121
664
513
252
175
441
334
509
745
534
975
968
250
950
379
343
634
392
400
917
253
587
822
152
657
318
952
356
598
160
626
967
482
726
150
387
884
614
840
567
313
363
551
788
600
334
103
646
296
493
617
283
622
716
893
24
737
800
441
609
484
130
591
797
574
443
515
754
267
292
453
537
529
350
143
859
694
286
426
811
552
738
678
832
152
994
773
139
18
633
958
725
800
706
124
644
62
415
831
487
606
535
92
140
735
58
722
602
579
322
634
436
649
674
968
561
3
128
591
995
569
57
616
796
814
799
291
695
41
292
730
198
505
612
191
57
163
991
511
493
355
81
305
467
443
20
855
9
513
652
440
561
940
212
555
359
233
245
362
862
869
468
452
515
950
667
624
828
157
522
416
344
577
230
61
789
325
775
581
635
959
644
576
80
799
193
619
461
612
961
740
801
352
356
367
586
968
543
942
729
968
31
324
375
430
826
181
289
866
747
996
473
663
755
111
663
665
183
861
6
494
46
346
229
76
716
649
690
305
724
242
540
288
787
67
690
129
930
313
991
115
457
97
114
564
74
964
877
500
532
811
841
41
456
837
346
278
966
127
880
338
617
976
460
255
330
566
673
168
435
205
922
911
856
528
259
626
674
983
311
752
602
211
723
836
371
806
487
232
72
891
525
536
541
181
952
716
80
15
528
1000
632
790
333
685
270
15
411
425
897
204
391
868
302
215
871
367
505
320
577
593
560
819
559
948
120
677
810
933
372
240
649
945
390
550
858
793
428
854
266
36
151
670
199
532
700
274
247
328
36
288
541
708
561
533
735
114
959
139
156
772
306
783
252
114
598
274
591
403
943
656
615
352
335
43
695
759
522
679
946
693
785
496
571
199
894
922
140
949
468
814
493
527
446
847
761
841
723
805
144
375
540
181
38
161
640
953
229
608
379
912
234
696
729
800
735
971
722
134
19
801
696
532
331
881
687
40
631
895
492
649
535
852
44
927
502
149
833
574
947
423
72
267
859
327
631
350
330
120
306
120
383
64
114
427
990
546
330
739
506
492
260
878
231
614
288
816
71
121
688
388
620
492
295
263
634
775
421
591
504
171
566
929
144
469
517
357
594
96
637
190
204
599
262
9
674
426
934
33
859
683
220
565
164
340
448
482
867
58
311
733
570
230
208
326
538
204
478
905
175
217
26
621
942
94
664
787
696
210
1000
435
592
346
760
143
765
873
84
979
465
233
246
611
374
663
717
610
941
702
587
812
270
574
758
806
837
74
8
587
873
946
736
49
578
646
557
723
845
81
664
393
101
483
942
932
411
60
290
536
974
374
657
471
572
177
120
619
425
38
613
833
862
428
679
613
905
718
897
553
444
38
275
662
411
153
861
164
183
565
244
946
648
142
863
56
859
157
641
517
629
338
110
926
903
231
588
613
922
497
769
106
920
892
353
686
471
644
518
850
856
241
934
104
185
346
346
268
620
793
556
298
523
82
180
211
831
498
953
431
996
521
315
51
177
316
961
448
532
280
63
427
634
286
992
504
538
426
961
358
870
217
474
325
29
986
404
315
235
139
950
543
6
700
887
989
997
228
181
797
229
624
496
710
789
579
936
516
727
332
733
311
470
307
637
460
222
592
218
957
566
56
567
452
428
404
676
434
145
82
436
66
326
682
816
176
550
288
681
247
902
963
920
30
781
594
831
328
276
988
793
116
109
676
15
78
804
507
960
91
680
363
914
451
657
982
88
973
197
482
550
21
329
683
525
569
910
836
981
481
921
596
88
658
837
387
164
873
164
316
133
929
931
544
69
621
790
969
192
306
8
626
826
898
404
252
826
133
570
844
102
702
857
26
695
426
605
371
416
944
390
270
214
303
576
920
409
56
41
431
78
356
274
111
944
558
954
777
232
181
772
623
953
356
269
245
853
809
869
580
249
177
120
969
410
920
112
995
941
725
164
771
549
814
497
884
19
578
568
110
583
945
457
891
82
77
970
256
788
881
148
917
163
845
829
612
918
597
102
575
950
542
102
458
4
44
17
928
180
143
32
37
740
702
859
334
808
271
57
769
658
994
691
988
12
37
223
961
944
369
967
620
760
257
654
938
959
111
489
139
149
84
471
165
593
318
746
838
561
338
527
456
914
291
434
741
313
844
38
26
871
620
346
253
501
557
272
889
609
805
349
747
418
845
675
305
405
764
72
941
235
264
420
27
738
39
71
100
196
914
928
382
690
510
741
759
264
582
257
973
626
778
961
869
533
720
416
229
241
827
28
597
661
754
731
691
450
212
784
967
666
262
907
444
612
772
431
452
249
372
776
991
416
944
469
119
67
51
845
865
820
453
330
195
16
585
673
805
418
176
965
430
231
532
282
576
612
211
166
305
19
918
665
430
610
235
306
854
363
302
755
495
13
443
763
226
619
204
902
411
912
125
355
599
731
660
876
462
385
292
825
223
721
804
913
751
251
306
110
850
445
159
938
995
115
712
334
879
846
48
42
255
661
594
507
817
983
19
386
466
103
30
310
550
2
560
319
851
719
189
654
386
148
618
658
406
660
336
649
848
604
344
406
488
97
418
653
83
804
867
242
649
860
647
199
991
285
160
181
434
437
851
633
920
131
402
71
404
691
397
289
876
707
291
116
672
773
992
613
173
314
411
385
732
592
967
466
346
523
723
981
230
124
31
484
727
366
287
294
69
726
744
694
205
693
93
740
599
62
283
816
140
783
695
595
830
320
943
141
15
497
109
221
674
462
155
637
510
813
868
538
796
434
622
513
240
93
22
659
302
540
93
610
862
292
343
642
125
851
552
700
743
953
1000
282
617
185
601
366
965
678
896
420
967
29
111
194
228
736
140
490
31
607
172
728
146
902
612
738
683
323
810
461
148
831
455
590
915
719
544
126
656
749
523
518
341
919
739
829
605
778
468
606
743
845
711
550
577
439
409
826
258
14
256
37
62
686
523
64
354
106
529
470
53
215
398
783
780
206
457
528
87
443
608
23
443
558
175
78
264
801
892
473
636
92
997
405
28
572
139
534
385
113
944
157
656
984
457
226
666
680
64
674
807
218
551
31
519
122
156
957
427
318
696
259
104
124
566
546
513
944
108
236
426
419
4
566
277
830
948
370
278
564
802
181
568
470
750
165
848
689
299
511
863
870
642
879
199
218
611
639
629
268
143
288
820
499
584
811
711
908
862
301
537
867
32
647
530
27
114
63
658
790
282
597
38
86
37
758
495
765
192
813
934
234
383
160
126
846
599
950
427
695
981
75
961
298
154
482
749
317
20
128
794
612
608
99
660
882
814
232
233
708
56
352
244
489
297
346
465
471
912
975
551
889
779
481
103
802
467
19
489
414
789
259
500
513
555
250
719
453
94
235
674
911
727
39
149
204
960
335
449
888
734
430
934
4
943
955
441
111
503
287
342
417
597
417
402
164
823
831
307
11
867
257
407
281
993
159
962
181
119
245
96
413
677
396
179
168
919
552
71
758
23
492
413
678
618
379
690
582
282
269
326
723
663
662
264
164
400
371
904
488
11
769
859
72
13
929
96
548
265
735
385
49
179
517
139
405
950
937
96
760
330
568
225
128
70
363
876
490
411
873
712
900
635
836
182
926
582
930
359
628
292
474
506
973
576
416
418
13
691
154
840
647
682
440
693
868
147
523
327
721
390
409
784
126
95
275
834
127
737
613
281
561
343
262
216
686
785
384
138
411
962
882
64
447
613
71
143
871
455
670
104
68
734
161
207
347
550
91
988
774
629
704
426
300
654
386
223
452
199
710
466
592
893
573
507
158
562
13
857
929
214
789
622
777
541
60
617
355
997
604
350
291
902
97
244
829
147
409
956
780
437
875
444
359
416
619
147
389
497
676
526
731
822
441
697
442
678
689
586
522
908
80
530
517
290
369
828
750
172
515
944
530
933
169
8
648
957
444
337
97
887
388
887
326
1000
767
324
124
23
125
759
110
806
28
377
318
62
399
868
474
391
42
237
561
533
44
525
951
114
929
813
232
366
135
38
591
77
726
309
373
746
150
842
954
355
447
229
589
686
960
668
527
128
104
180
815
567
925
351
278
984
251
658
699
569
839
22
239
641
980
521
869
425
248
543
664
392
442
935
191
865
156
846
301
943
495
346
244
238
243
954
571
374
217
342
480
244
620
169
533
284
400
104
291
740
513
167
632
500
145
905
805
333
474
164
856
874
415
48
186
243
710
580
985
9
892
546
691
123
299
662
451
221
150
16
426
505
916
198
413
223
883
664
859
407
500
447
337
923
678
880
243
995
751
62
921
831
128
745
900
34
717
988
779
223
489
419
396
911
632
523
213
224
341
439
462
962
168
478
859
456
553
832
912
221
163
182
30
723
95
696
365
230
860
763
743
341
697
180
761
227
459
894
540
183
855
727
257
351
95
895
336
405
781
969
83
93
465
683
446
270
403
108
314
449
113
627
536
446
849
924
637
393
291
983
786
455
668
189
55
252
836
225
760
342
784
84
531
312
659
324
914
364
606
270
153
44
293
511
709
723
239
318
390
114
521
995
809
411
276
813
887
671
759
533
153
975
372
386
707
863
89
478
433
110
150
479
811
404
219
521
222
585
581
560
912
843
675
763
853
648
130
154
672
181
289
424
798
784
808
918
580
111
645
152
624
338
794
772
982
704
203
547
444
662
589
218
352
109
695
884
762
507
619
49
787
259
705
962
241
778
743
721
910
316
680
74
968
903
70
781
50
73
847
355
73
989
526
146
147
507
818
971
16
585
450
432
940
642
252
996
639
581
103
575
213
822
187
487
884
267
919
172
623
335
694
783
661
835
922
376
434
441
408
349
534
98
936
425
558
173
113
535
609
267
976
795
89
19
889
467
217
353
359
624
690
363
252
509
357
723
53
391
14
257
865
238
254
480
151
349
200
780
519
586
278
770
87
834
383
989
669
976
389
793
115
583
42
765
91
121
464
145
651
801
31
213
925
601
362
591
99
625
947
371
606
918
790
324
635
765
852
649
303
740
412
994
807
638
844
230
893
532
197
54
906
443
1
607
836
562
665
161
750
173
237
196
262
459
341
961
605
240
512
990
886
907
740
695
319
709
684
174
951
780
479
872
750
271
343
842
623
12
738
140
162
680
678
486
458
660
335
996
308
620
582
433
188
204
797
523
133
772
8
523
133
396
907
459
865
849
676
214
572
756
767
65
375
458
790
193
941
392
849
847
655
376
694
359
112
421
797
943
87
237
879
356
565
224
253
327
833
294
109
79
52
923
812
229
145
759
134
241
363
843
41
895
508
620
975
38
792
384
666
802
532
994
938
202
672
961
561
180
953
995
572
891
516
359
480
48
203
665
548
836
150
22
106
858
299
295
310
431
482
658
115
757
160
31
935
152
817
805
640
997
410
931
703
492
872
652
10
207
444
354
984
445
76
84
137
890
222
338
662
213
737
982
165
76
837
966
977
710
941
390
16
882
444
963
748
449
471
726
148
554
494
939
360
272
480
779
234
885
931
792
603
5
568
894
29
823
777
557
53
415
543
498
781
752
169
17
650
984
113
290
979
368
206
743
437
425
241
725
441
340
357
444
473
118
548
440
86
493
439
932
459
839
535
115
74
423
294
181
137
401
589
463
88
639
157
962
79
135
740
302
724
982
941
338
275
991
683
830
482
730
48
237
78
222
459
134
514
133
753
579
379
364
842
148
356
986
291
364
823
689
189
935
482
778
698
62
716
53
893
71
696
53
365
544
379
936
993
409
319
666
45
776
617
761
274
871
864
641
29
610
118
558
921
704
436
213
629
934
980
461
961
371
781
730
950
916
732
505
645
180
173
966
30
641
439
724
610
544
876
675
232
42
763
114
731
436
205
782
271
641
572
741
784
77
795
454
170
760
353
477
559
328
1
518
90
979
128
551
126
164
52
330
336
632
358
956
397
974
8
69
590
993
836
972
431
226
839
542
232
804
102
665
627
947
800
496
671
349
105
402
699
36
133
620
968
847
681
109
962
595
708
899
741
721
557
173
370
665
88
316
399
333
387
834
751
902
163
276
832
502
411
986
302
2
240
938
371
272
536
434
94
616
489
274
545
40
443
867
475
16
91
131
817
374
174
805
411
492
909
996
780
676
241
557
616
280
109
564
76
869
947
708
473
892
516
25
507
856
771
617
915
127
659
455
38
151
131
744
295
321
565
84
439
879
703
864
515
957
281
855
815
372
280
116
662
637
271
686
789
743
119
26
975
411
25
276
131
647
423
715
752
601
585
332
760
833
142
690
515
812
304
173
985
95
317
990
900
886
223
302
177
483
739
999
601
306
475
33
751
299
919
67
25
474
251
830
732
723
815
181
954
929
45
987
354
292
510
204
94
953
964
101
143
191
197
192
597
390
420
322
230
568
837
482
600
495
654
795
333
636
162
24
466
811
521
13
553
814
840
197
36
579
211
762
65
651
197
194
67
958
675
59
386
914
985
864
663
952
259
574
817
41
184
585
678
601
329
969
891
177
61
825
904
143
21
308
161
731
254
792
539
320
753
71
279
865
909
157
364
85
563
674
73
637
895
810
993
61
381
199
721
118
9
164
139
95
213
940
727
715
228
643
814
893
426
520
758
721
692
343
339
531
580
479
66
766
201
133
380
302
305
207
873
752
69
931
588
476
285
880
901
692
941
2
486
283
251
337
911
914
106
219
703
810
474
918
87
950
161
300
715
997
738
143
789
315
217
678
848
131
742
229
502
700
825
164
786
225
781
723
969
351
171
709
51
181
416
735
436
307
912
834
781
252
386
53
770
976
249
984
858
9
338
798
809
256
256
742
893
328
95
390
197
984
124
207
790
379
659
685
17
33
820
240
423
668
348
654
884
14
35
99
195
322
325
123
244
198
587
393
902
785
97
298
630
717
502
848
527
507
260
328
403
230
5
26
953
321
113
79
859
260
503
464
964
425
724
372
359
962
490
53
702
10
523
751
455
656
39
431
384
108
517
828
20
926
673
801
489
460
322
446
754
224
893
800
796
708
906
939
610
172
322
404
100
968
618
202
225
477
218
689
38
670
65
709
798
422
269
208
143
355
542
58
973
374
77
857
152
543
268
660
887
849
766
821
724
91
35
757
75
441
760
194
426
947
501
372
534
670
766
947
962
973
206
709
929
42
121
70
871
252
625
261
903
800
509
678
979
153
568
7
53
952
356
214
970
387
460
774
471
658
789
594
1
982
904
558
84
88
949
320
286
402
764
844
762
788
469
656
802
652
771
531
12
678
972
52
331
577
473
783
236
96
828
103
671
183
574
392
416
394
630
738
34
218
599
704
893
437
18
686
793
802
170
836
950
41
525
446
178
244
960
906
188
276
954
849
365
339
563
600
163
341
541
639
874
743
738
404
711
459
37
444
756
468
767
880
669
164
805
3
294
477
986
589
7
477
326
214
288
193
504
521
336
200
907
547
527
672
113
911
802
523
215
275
556
494
68
335
741
503
861
404
564
463
428
36
704
659
582
644
312
77
512
689
364
982
410
281
806
742
990
752
547
102
243
576
775
300
510
18
529
596
875
250
854
67
506
927
496
18
235
270
302
75
169
865
843
242
612
374
714
792
857
569
892
784
519
108
195
860
941
627
591
374
544
988
579
14
951
859
687
36
658
484
303
517
115
180
718
925
165
935
335
610
417
474
684
106
521
181
188
399
639
61
479
12
614
35
596
450
213
533
688
60
106
507
721
732
117
75
235
639
987
894
308
164
622
409
526
528
13
88
669
657
955
296
384
731
112
424
82
761
762
13
971
783
379
309
682
512
282
770
808
371
517
273
777
464
216
613
952
158
313
115
608
554
995
883
688
193
581
430
733
672
527
941
309
37
101
151
475
122
417
837
909
501
386
255
310
283
583
479
907
941
186
248
809
567
352
40
735
901
895
316
561
458
663
997
535
31
434
545
644
987
689
394
508
187
812
695
102
719
47
343
232
265
552
504
516
445
593
897
510
649
546
246
80
178
486
567
282
858
380
347
216
18
783
757
50
612
740
815
547
412
226
86
574
82
994
739
845
658
672
319
977
476
834
83
528
182
810
113
979
185
584
132
985
141
190
493
509
659
761
906
302
872
380
589
501
36
278
980
503
132
15
658
328
594
203
310
47
941
375
675
402
490
888
458
404
171
748
184
234
818
620
16
171
821
682
989
165
408
149
932
15
927
201
395
144
171
722
800
718
779
875
544
858
550
587
227
141
936
401
367
977
189
74
739
331
144
13
332
572
365
606
27
652
604
368
729
591
34
157
981
346
812
765
725
483
127
70
38
38
319
671
514
576
44
530
306
698
765
544
312
774
132
917
825
588
602
921
416
851
195
428
29
466
889
115
192
10
833
373
442
568
134
959
232
178
149
369
821
203
47
754
141
163
768
522
549
950
366
978
848
81
444
383
824
337
791
797
574
787
110
296
434
908
916
88
883
964
694
556
721
511
248
265
173
720
616
960
753
247
391
563
656
494
167
321
590
602
29
84
694
455
717
987
537
854
421
458
232
521
618
354
863
248
160
382
607
940
714
679
228
29
835
166
57
932
262
835
573
25
264
241
135
620
170
809
831
873
650
287
719
330
579
34
517
581
480
538
4
685
127
943
224
947
358
897
996
127
277
571
147
544
787
249
870
744
399
880
801
576
729
982
578
613
448
424
308
707
452
109
623
615
266
139
281
991
612
690
573
717
178
648
621
156
418
109
410
384
765
408
890
803
267
968
544
915
454
780
890
495
37
360
208
810
244
574
234
620
610
265
797
638
618
223
439
642
477
574
624
522
633
486
323
968
246
401
151
813
947
253
916
419
920
632
799
785
392
852
164
421
390
388
947
610
897
610
662
215
520
13
671
938
712
257
60
489
292
241
372
970
663
692
262
566
997
794
965
43
658
301
214
931
577
610
487
828
308
884
854
842
235
841
619
967
433
75
357
731
877
156
886
206
288
15
933
45
176
501
195
667
766
67
805
532
751
774
950
949
15
632
435
449
161
306
970
760
203
672
830
220
486
883
304
31
804
497
657
997
545
192
499
887
507
469
862
260
815
671
155
904
508
785
928
651
685
723
184
119
813
680
482
353
37
391
906
238
512
650
867
394
356
643
175
426
21
614
171
403
569
148
123
827
706
830
181
264
654
583
67
923
529
307
998
186
405
324
604
90
872
544
812
396
552
738
565
326
322
874
697
953
606
389
207
571
772
901
280
918
771
254
46
737
478
953
719
769
463
808
488
454
611
542
95
402
7
809
230
305
534
488
388
149
616
515
792
184
121
784
363
480
787
945
735
837
783
401
766
285
602
535
612
559
530
134
577
217
991
344
986
150
106
120
330
912
35
169
823
444
589
226
940
152
666
141
702
939
759
672
249
617
460
298
965
874
309
417
47
794
430
926
531
519
707
254
919
85
996
875
127
10
932
751
132
170
545
796
883
488
87
454
179
250
239
318
534
416
823
856
900
987
53
975
995
851
272
311
685
168
537
869
725
524
331
635
595
426
140
696
605
639
20
180
909
389
804
67
993
574
981
147
794
375
934
476
601
954
767
390
983
168
874
12
728
2
107
170
831
206
130
199
31
167
571
561
132
865
727
261
210
693
87
90
773
466
429
664
690
661
229
251
949
362
506
362
972
200
38
182
37
596
34
51
871
569
8
228
228
232
575
837
186
611
319
150
585
393
959
571
103
352
411
519
83
80
116
548
566
947
720
49
154
150
34
182
23
545
451
402
733
906
383
799
930
924
872
62
101
806
3
690
481
331
709
188
456
527
46
349
535
770
373
800
803
33
998
263
82
945
90
45
787
277
865
31
172
655
482
657
653
939
660
767
36
20
305
773
885
219
16
206
762
825
341
447
753
62
866
1
194
60
321
608
830
353
169
396
570
338
784
929
505
512
898
752
510
159
624
818
636
171
501
212
295
752
30
725
93
746
561
242
550
31
485
833
342
532
891
885
779
914
604
1000
703
959
8
210
111
429
649
890
503
533
613
132
417
455
260
198
228
589
424
476
777
300
740
729
864
194
156
215
835
704
579
444
89
473
209
685
756
156
188
210
923
351
717
689
37
452
178
922
5
7
185
970
529
738
778
91
242
849
605
788
688
323
304
255
840
302
451
197
420
38
557
445
526
52
530
573
453
541
851
349
391
491
267
178
830
590
132
137
954
115
345
749
368
919
373
971
584
946
204
800
137
225
336
128
430
952
794
725
826
14
876
588
732
165
809
179
10
330
283
92
751
262
84
319
466
199
174
570
937
407
394
777
216
809
982
643
189
16
281
400
874
938
267
538
229
533
10
665
174
923
139
679
329
337
696
566
763
356
312
544
644
462
416
286
14
889
812
56
817
227
145
393
279
376
175
299
873
422
630
482
157
659
916
425
518
305
724
544
836
507
774
838
302
613
986
548
170
226
276
125
503
893
45
775
526
756
752
792
620
946
451
614
784
375
576
139
935
783
354
834
233
284
219
771
841
277
10
992
310
106
233
108
344
265
61
43
974
209
774
773
692
430
533
321
144
592
268
740
769
28
862
283
74
541
207
614
487
961
75
347
273
555
953
33
515
645
965
118
105
667
492
624
228
190
17
266
787
454
74
895
326
825
394
348
104
902
437
384
470
835
128
947
517
7
639
699
214
495
6
286
162
299
850
477
497
389
623
785
117
961
443
433
975
692
385
119
864
961
261
308
677
763
500
324
325
513
862
577
851
665
757
726
93
650
845
757
328
669
321
625
748
906
942
86
798
93
377
262
115
524
458
996
70
271
583
45
231
922
40
538
81
847
483
437
175
106
227
253
301
130
147
504
630
420
468
586
444
71
946
176
87
917
223
936
761
403
166
478
755
224
167
424
463
156
292
431
59
445
989
914
138
633
48
982
980
841
94
201
581
570
43
230
54
700
508
53
479
760
160
63
181
680
597
474
194
561
312
376
703
108
983
206
207
47
368
477
361
5
11
860
30
953
243
982
517
234
181
180
342
25
762
896
616
887
391
714
857
424
761
357
185
933
76
754
178
46
983
348
799
33
951
454
862
980
911
832
