366
270
464
436
344
239
152
705
648
997
468
978
961
682
189
838
308
771
723
65
101
763
904
602
923
378
588
460
283
804
414
821
748
571
656
271
998
309
393
707
594
878
120
795
684
68
336
290
410
366
493
667
1
492
375
898
538
185
672
504
938
759
772
731
969
698
642
210
634
958
357
919
675
801
648
970
150
11
780
692
413
751
56
573
54
780
59
366
205
528
768
802
373
171
620
433
136
904
333
183
77
742
88
677
526
586
389
881
887
287
109
606
321
425
801
977
218
308
370
366
612
476
796
383
860
207
476
84
908
676
827
844
947
720
508
769
322
886
679
640
894
701
673
504
540
249
541
231
38
362
487
71
464
773
235
592
950
467
589
381
94
428
933
616
764
441
985
628
594
774
630
396
975
579
8
861
276
23
12
373
465
298
371
55
662
160
954
412
57
537
841
388
308
964
614
34
307
764
834
320
607
246
16
105
958
311
613
912
903
110
271
155
597
256
481
820
249
62
138
899
233
510
635
205
592
480
453
503
981
986
738
314
566
342
927
657
246
869
673
647
602
705
541
973
60
617
385
291
843
652
611
174
141
278
807
499
750
991
314
989
718
269
444
907
227
264
946
433
527
907
718
79
925
561
34
682
278
890
684
820
600
394
509
724
920
768
103
662
171
421
663
223
832
410
881
443
549
831
740
292
853
356
409
617
860
460
528
764
154
445
206
402
105
715
620
764
340
68
470
648
596
782
759
715
669
423
241
177
18
72
292
91
152
794
514
763
297
561
706
633
658
898
514
463
745
535
924
929
610
233
561
53
339
912
995
226
654
354
284
554
176
89
7
154
959
780
272
163
51
197
243
964
155
461
651
959
384
211
316
635
134
430
56
420
94
198
156
531
1
96
867
219
694
104
772
537
296
47
821
342
886
156
49
511
191
959
25
822
995
386
970
971
700
679
785
217
689
139
829
524
216
358
782
353
102
154
383
161
251
465
819
898
8
522
592
383
122
229
116
400
791
944
211
666
554
861
787
373
595
908
618
603
710
481
795
581
950
712
857
361
80
182
300
951
941
788
571
986
265
447
242
987
697
808
167
18
313
997
102
954
62
664
825
980
794
256
696
864
401
813
797
563
275
95
204
501
715
21
717
416
864
982
758
890
130
405
915
766
419
418
329
990
772
884
207
845
264
210
521
782
136
652
339
853
566
648
817
242
962
828
251
605
217
54
730
913
458
217
618
68
201
666
821
62
199
601
273
148
537
840
535
799
764
738
896
208
658
353
704
520
183
491
930
461
215
104
47
543
745
553
999
633
281
905
68
559
176
530
333
331
619
889
764
907
17
317
856
83
263
187
148
869
852
881
160
232
500
92
867
626
534
329
88
955
263
455
231
235
263
438
864
60
572
577
5
707
687
820
222
794
758
790
381
710
463
703
241
617
234
594
930
582
524
213
723
666
493
730
639
523
377
576
767
941
647
205
174
614
249
305
987
4
329
175
30
45
233
320
505
659
922
240
362
153
698
566
7
315
1000
31
578
38
616
568
502
246
38
537
23
190
749
589
911
542
641
258
545
846
922
433
679
430
389
322
229
869
329
787
833
673
955
254
667
754
682
883
571
330
404
165
873
360
677
262
973
207
850
30
775
903
183
793
981
689
642
625
424
39
487
534
257
615
990
382
247
76
268
968
358
393
140
214
69
445
979
669
291
149
543
803
577
87
107
72
134
644
453
210
984
869
182
959
535
58
299
984
700
87
952
727
285
40
418
121
63
429
418
309
292
271
954
436
250
978
132
640
214
171
640
592
207
140
635
361
605
983
626
59
217
946
850
132
320
848
780
999
227
606
299
591
636
421
504
861
863
901
93
370
607
733
993
268
374
772
86
876
740
402
437
917
868
807
296
558
93
622
560
813
399
456
157
29
190
154
96
706
693
253
503
36
140
41
206
53
222
646
509
850
37
386
505
822
917
668
474
686
729
67
342
819
295
105
822
979
647
496
933
568
388
536
846
460
47
809
507
572
2
263
499
175
125
808
672
740
377
315
560
576
705
18
279
259
326
815
92
770
106
33
609
882
139
649
891
511
294
152
383
504
594
168
250
160
667
431
828
536
119
238
78
84
5
732
342
414
215
507
429
246
951
194
871
950
866
161
467
27
155
710
86
877
160
234
727
578
139
846
749
971
43
279
842
242
723
208
28
818
590
65
89
467
566
771
299
495
536
988
692
294
999
116
517
928
569
423
165
295
640
18
665
959
753
299
17
798
431
229
496
508
623
708
246
672
688
390
838
144
698
919
824
403
718
179
363
405
148
77
136
988
668
306
618
911
917
846
484
6
344
530
494
723
537
455
82
951
884
311
105
935
319
314
52
771
835
463
947
454
996
13
965
899
10
880
284
696
636
458
826
854
590
853
828
152
660
374
250
262
904
200
448
570
949
445
949
445
72
550
758
192
558
63
152
905
773
161
413
883
169
517
133
959
610
553
665
294
799
897
707
366
124
35
51
662
811
531
334
783
764
548
854
857
393
138
914
141
85
265
201
9
10
302
455
241
711
820
369
846
610
263
32
704
794
21
922
611
627
102
439
420
267
679
118
266
199
648
107
205
585
384
838
274
795
370
600
155
78
346
105
445
84
223
478
316
696
708
824
224
480
213
168
963
95
511
5
601
53
153
953
86
71
485
108
649
797
553
661
280
473
809
35
152
664
564
257
527
808
588
42
719
146
260
262
125
605
942
351
626
978
774
117
107
406
975
209
244
928
2
792
241
175
808
729
110
189
870
379
970
551
360
653
668
399
162
922
786
184
773
91
719
225
538
560
638
294
771
668
144
877
714
515
498
891
71
234
92
891
349
918
595
874
99
120
603
259
514
702
659
324
28
248
312
548
256
679
250
157
679
395
636
387
948
679
680
367
693
304
783
823
212
274
471
14
287
288
765
161
774
698
930
910
855
552
164
454
89
983
318
363
59
393
383
658
313
464
187
819
974
468
607
444
654
14
850
367
937
636
997
363
37
757
667
741
903
197
185
572
959
653
929
62
434
454
166
862
888
671
966
629
440
526
244
223
852
87
657
637
256
665
806
723
225
985
46
90
899
345
843
233
205
944
661
101
869
484
708
922
893
336
538
407
16
44
817
403
209
6
909
804
214
114
481
444
407
920
296
922
967
671
863
194
64
726
768
479
996
986
536
988
253
129
76
799
777
659
874
495
365
947
125
398
619
505
404
486
448
689
624
716
949
999
764
580
917
575
116
208
328
254
721
483
362
329
672
727
127
168
944
1
961
22
85
620
81
772
78
569
587
582
152
236
365
474
643
270
520
155
659
168
927
505
84
455
445
21
5
647
57
350
941
259
633
871
779
480
102
533
838
704
117
18
540
327
3
781
564
691
662
480
851
883
583
182
477
499
172
805
13
952
299
77
583
399
27
141
592
939
416
427
603
231
925
430
885
954
826
157
671
225
976
682
839
71
658
563
228
969
506
284
288
80
66
926
688
759
743
27
254
15
75
975
74
340
726
18
511
680
883
200
886
13
652
328
691
264
312
716
914
918
777
978
912
443
241
313
168
201
914
272
126
94
169
310
309
159
676
416
330
733
467
999
97
507
803
933
338
692
441
410
528
461
675
515
993
920
907
412
352
955
109
764
341
176
18
532
279
133
324
827
439
975
880
52
931
429
530
414
692
971
805
632
377
420
517
996
680
115
865
780
313
862
347
141
985
820
684
485
926
937
852
754
557
110
730
66
476
455
504
28
868
716
548
713
644
535
839
726
438
841
895
543
137
109
417
962
354
9
400
17
78
544
405
970
225
497
617
522
377
706
810
47
933
197
401
711
695
262
391
277
845
807
12
914
172
496
735
92
99
318
476
529
934
716
259
917
557
478
464
939
216
642
51
559
43
162
239
35
811
340
208
48
122
902
716
832
332
396
888
43
58
555
910
669
733
511
778
939
15
783
583
407
73
241
317
246
642
753
584
752
315
588
372
173
842
771
603
653
923
23
257
656
16
256
690
110
94
434
663
508
491
837
632
888
40
120
883
517
381
111
10
718
616
57
323
698
670
615
987
135
122
92
240
112
383
75
388
97
73
143
840
997
87
767
347
832
570
781
945
960
573
210
472
66
844
361
137
327
308
422
906
404
250
838
392
840
269
926
99
436
162
787
77
973
188
300
36
329
647
378
363
927
491
681
995
500
741
352
539
334
944
228
318
417
372
761
717
855
676
682
938
681
509
524
433
137
228
805
72
233
471
458
772
501
294
213
156
155
152
835
14
826
807
929
910
427
187
728
788
793
497
704
732
155
483
944
85
942
310
952
987
897
341
843
765
43
74
421
219
214
768
137
36
744
669
12
875
247
690
412
967
361
209
947
267
688
548
660
71
325
893
498
436
955
26
777
683
354
50
124
195
131
556
402
826
687
247
694
449
84
820
302
293
819
376
168
60
944
44
909
984
456
123
500
154
918
681
549
409
692
612
768
265
711
559
320
388
542
909
430
56
258
679
471
505
804
718
85
333
922
706
875
934
732
360
645
344
489
810
462
734
666
222
947
38
718
447
774
764
230
643
518
418
52
647
253
109
956
801
46
684
442
783
930
275
402
322
965
278
61
326
957
522
916
992
564
810
535
684
492
950
365
841
214
13
948
730
396
137
482
811
334
353
984
921
131
48
996
499
42
585
262
456
192
219
113
932
48
964
321
856
357
369
828
276
186
798
647
78
47
710
152
784
737
531
239
573
322
767
56
682
308
82
809
726
318
622
547
569
441
490
256
315
775
52
460
623
619
302
624
766
420
662
191
827
116
466
882
268
945
591
239
809
656
386
134
25
562
380
993
579
368
804
798
689
324
29
27
829
688
165
966
315
386
85
473
556
919
717
941
755
816
369
272
836
156
387
734
551
430
740
1
59
41
816
575
865
943
588
559
219
804
724
723
814
70
10
263
350
387
679
118
985
390
206
927
788
831
355
854
149
916
645
295
345
600
374
964
933
659
228
623
358
954
934
879
144
103
661
45
643
506
82
503
493
112
375
2
246
139
939
988
947
746
965
942
403
35
675
389
209
291
968
921
243
439
651
182
729
57
737
880
458
631
119
573
694
100
417
453
259
226
409
594
34
777
379
338
49
362
470
859
535
205
384
925
47
68
533
767
912
442
786
455
617
166
638
389
458
345
394
58
688
628
952
288
788
779
334
63
584
968
456
627
276
476
132
464
135
380
713
441
549
964
162
365
805
278
824
235
776
352
821
15
40
202
382
636
60
272
471
163
598
197
176
411
574
455
875
837
318
158
39
175
117
10
497
221
738
313
497
100
967
479
519
608
94
109
496
146
88
839
125
723
61
358
729
579
764
622
880
643
800
573
476
392
356
130
219
907
348
505
74
638
825
675
312
465
247
333
47
393
280
45
208
111
563
897
580
451
841
165
9
145
167
312
100
668
861
285
386
616
447
303
553
329
618
482
555
524
775
727
940
618
749
316
488
462
631
813
43
323
528
651
638
393
309
243
851
141
66
284
229
829
694
594
888
369
942
63
964
726
400
491
61
777
422
404
622
894
455
337
404
192
489
872
697
432
574
84
970
169
207
472
905
986
348
449
471
138
871
272
848
686
294
645
152
922
445
404
667
251
801
413
817
44
562
288
691
566
744
7
490
672
988
738
513
379
88
509
457
34
790
341
581
38
421
842
109
89
182
369
650
766
4
644
923
627
803
236
910
949
601
885
226
285
738
563
708
638
818
452
828
339
710
386
984
608
238
129
121
118
500
125
61
503
788
507
695
191
74
549
128
660
98
787
445
937
160
148
51
107
149
939
548
97
799
830
556
631
688
999
819
292
357
430
386
10
547
382
584
10
921
817
754
364
137
43
930
582
515
716
833
950
566
55
893
404
382
384
156
828
16
113
351
387
412
882
426
31
913
244
796
687
218
886
751
766
957
769
770
713
187
867
42
649
518
219
887
940
267
187
420
524
98
207
904
474
935
420
870
817
565
163
976
895
521
862
938
358
262
999
24
299
943
925
245
347
355
864
696
30
573
322
91
220
645
224
407
687
61
488
171
245
508
744
137
943
974
524
238
162
403
61
610
995
424
996
904
833
902
726
839
395
634
941
858
820
722
958
40
792
417
169
917
855
627
489
780
471
163
757
214
447
698
151
255
971
479
903
283
27
518
361
503
857
721
885
630
559
337
839
895
102
299
213
179
35
478
868
269
821
963
203
809
815
534
914
72
324
207
609
306
180
75
128
499
106
189
47
20
64
439
935
308
522
445
864
600
45
952
638
336
189
384
445
32
648
970
648
269
731
227
357
650
592
63
29
673
544
40
788
478
689
833
452
881
194
465
118
286
407
244
79
621
854
608
895
604
794
443
770
418
289
974
872
428
328
326
683
330
332
459
33
177
571
225
304
827
70
405
279
784
42
211
390
163
675
17
204
324
618
119
416
591
588
874
483
984
780
418
401
545
77
698
532
337
556
667
15
353
327
44
862
546
512
996
635
579
275
943
51
462
146
872
941
174
268
597
149
990
33
9
557
354
177
586
190
560
447
206
199
317
37
952
591
540
502
173
837
138
70
214
930
395
928
329
72
76
487
520
284
471
409
70
515
213
963
522
994
216
820
473
865
503
422
513
194
36
409
807
144
616
697
828
842
179
458
997
156
393
215
511
923
409
596
15
416
440
850
506
962
910
769
83
441
990
246
237
797
69
82
898
78
742
743
289
454
736
463
866
286
709
26
910
592
274
651
656
307
466
711
654
576
954
738
112
832
682
574
232
460
207
507
355
214
682
692
465
285
833
547
510
110
870
285
645
851
302
780
197
429
182
714
94
266
55
670
474
883
386
249
516
325
538
87
275
261
596
275
185
575
493
255
816
552
642
148
863
974
237
524
762
921
334
132
73
473
442
107
126
279
143
840
974
426
684
452
961
281
777
337
298
264
19
804
897
416
183
381
830
942
685
446
851
995
114
764
43
249
679
494
857
804
594
934
74
426
730
228
223
891
468
772
383
219
494
265
454
826
421
353
134
645
739
557
364
693
352
463
417
832
899
705
232
680
975
256
562
708
676
533
18
385
380
899
46
317
305
593
626
127
746
245
219
722
456
147
131
919
35
52
242
13
442
250
885
617
724
216
631
905
484
536
653
98
994
274
701
666
687
625
784
364
259
217
24
913
386
172
558
860
945
308
687
616
674
909
16
278
773
340
716
168
398
306
655
241
616
501
890
421
971
724
831
826
750
981
269
239
574
427
567
42
985
558
94
466
631
507
29
927
897
84
820
394
832
833
795
427
826
757
106
655
811
724
488
768
705
437
268
57
946
281
351
682
960
678
395
121
527
399
280
94
756
148
42
994
362
807
475
437
793
735
402
138
426
792
50
760
987
682
26
692
386
509
98
977
838
113
167
492
132
622
443
844
28
53
676
750
686
562
381
952
946
931
395
631
467
671
589
972
10
199
517
71
234
559
452
817
46
920
514
606
577
239
271
254
868
41
586
350
539
761
904
752
624
844
112
87
104
484
960
178
397
113
245
112
239
181
884
325
57
250
485
551
158
887
134
844
968
973
702
514
802
983
389
21
786
679
108
131
975
639
468
792
989
58
821
529
493
746
608
483
886
691
134
471
773
509
21
3
657
258
991
702
517
525
823
85
673
328
421
948
1000
318
851
328
203
794
539
135
553
925
346
724
53
692
508
871
237
140
241
328
498
343
535
775
386
915
191
701
948
587
909
967
586
952
687
327
56
626
535
95
69
78
146
451
874
17
25
841
322
687
902
294
514
904
968
108
922
879
323
585
670
583
490
40
419
987
653
579
513
712
334
801
807
857
380
471
628
379
241
850
559
243
127
17
641
523
13
642
632
332
704
454
231
102
581
189
327
726
411
200
706
499
992
687
118
566
774
700
919
223
806
823
660
357
255
580
437
791
384
86
203
534
201
887
569
455
977
765
205
747
856
365
457
978
33
124
939
92
209
942
633
755
278
674
29
362
705
323
371
697
692
82
620
106
766
409
263
948
798
751
921
877
241
721
505
201
738
375
828
542
109
141
675
736
341
939
495
564
929
491
607
93
118
269
786
462
372
757
275
735
263
832
589
295
522
49
810
995
701
925
416
308
573
520
261
345
282
450
10
440
66
401
676
733
878
419
215
791
235
963
653
377
902
475
766
891
772
638
592
525
65
73
745
354
155
701
233
223
136
487
173
708
679
405
478
563
561
394
442
975
720
415
801
369
41
981
816
414
209
394
747
401
178
475
114
466
815
22
273
281
227
522
367
502
113
497
502
127
125
586
591
924
703
330
78
210
243
31
497
987
316
603
157
918
770
416
691
766
164
579
595
835
196
104
527
816
612
102
338
837
64
906
362
251
935
550
886
557
925
64
355
428
407
829
677
443
136
396
464
170
138
446
195
102
144
520
200
569
882
131
556
643
187
79
493
596
517
868
982
699
459
585
914
757
47
744
515
403
521
473
72
898
821
96
305
986
787
513
77
450
979
101
586
646
117
327
993
151
594
319
214
308
667
49
923
155
61
300
184
874
921
163
193
369
46
62
451
100
274
662
88
255
832
711
67
271
824
309
232
275
788
346
451
335
215
652
779
847
212
201
514
213
329
357
290
632
180
570
924
108
286
662
59
355
240
159
51
512
261
236
556
23
516
492
806
357
851
851
807
33
350
342
242
770
184
34
13
297
161
328
438
930
912
216
444
59
832
130
213
805
810
956
93
182
966
958
24
961
13
665
580
932
794
195
688
210
534
310
611
377
302
296
589
252
144
746
266
604
776
820
741
289
218
97
921
66
140
180
108
603
292
831
836
81
300
813
595
617
474
984
839
490
317
503
194
177
206
19
654
774
345
209
360
979
124
475
958
294
990
842
226
167
66
926
849
49
980
673
831
810
43
650
100
156
363
581
281
632
442
609
599
494
636
772
791
504
384
74
744
304
681
674
59
690
386
915
374
83
465
366
445
173
516
89
946
211
402
781
250
433
418
10
128
445
233
352
841
745
106
70
836
979
179
687
622
764
917
36
860
976
295
715
612
641
657
845
73
832
25
314
376
817
551
489
880
323
64
757
476
835
575
748
282
380
17
839
652
711
324
621
620
574
537
565
473
230
494
22
815
763
934
186
742
359
668
771
1000
56
357
991
548
539
401
742
277
431
687
566
726
415
777
133
660
720
613
94
598
756
235
361
634
219
322
640
189
405
944
614
196
663
931
446
610
272
458
175
74
628
282
610
69
994
265
399
90
370
77
633
896
405
405
668
177
317
251
692
952
756
674
215
261
518
429
134
132
277
784
343
296
975
830
345
723
402
422
676
14
740
218
475
706
670
745
644
294
64
830
349
912
764
602
320
606
382
781
742
911
645
151
488
745
398
277
173
356
392
894
288
83
568
556
982
823
981
655
354
84
988
190
302
311
454
357
70
300
480
679
768
77
123
517
257
953
592
169
236
534
265
757
492
731
342
969
443
121
652
399
231
192
958
478
730
643
148
397
435
70
586
319
178
489
139
578
268
824
459
1000
32
236
380
354
94
300
950
746
771
647
105
849
99
516
287
454
782
938
743
752
506
260
407
225
702
319
443
266
905
758
592
576
886
932
753
229
584
143
78
182
897
212
263
647
350
100
968
30
915
873
751
739
514
476
995
545
556
130
591
551
772
15
489
911
343
269
798
881
990
1000
304
467
999
192
887
819
310
178
100
911
674
298
344
465
404
95
162
622
288
977
127
327
808
458
731
641
516
372
616
336
898
753
985
412
880
60
214
480
656
277
674
7
475
546
11
785
69
138
167
220
55
867
844
722
732
417
147
169
290
160
68
289
60
570
766
291
746
663
173
389
182
514
888
54
357
32
676
96
409
772
775
598
388
208
46
897
427
865
466
736
494
937
232
536
84
785
372
705
217
899
220
874
171
828
827
19
297
271
528
186
171
330
686
636
600
398
113
561
447
169
289
513
200
290
210
135
274
536
896
35
550
732
835
449
529
723
553
581
108
450
686
224
128
627
654
1
117
23
839
310
266
808
759
58
59
813
237
383
813
881
415
101
212
606
637
595
378
90
628
513
429
664
428
966
922
156
849
555
593
302
585
954
511
944
225
871
289
832
73
267
797
792
982
424
137
208
94
103
191
684
58
647
919
50
58
945
791
233
46
775
697
497
975
797
402
224
635
870
102
428
248
989
261
811
872
183
552
148
898
202
373
881
38
598
617
173
390
598
882
896
149
218
27
905
397
325
475
348
88
543
728
751
330
703
929
777
256
533
793
897
332
92
772
438
567
90
341
198
681
604
109
985
330
868
372
582
422
452
965
614
760
799
37
129
505
17
990
870
541
946
440
311
168
265
396
875
1
394
53
996
619
526
169
600
885
587
487
880
472
58
931
70
320
528
857
9
896
589
913
493
112
61
838
869
97
301
724
219
368
619
994
305
75
977
431
415
409
831
276
991
977
562
269
541
675
77
276
85
426
547
653
868
134
590
563
977
354
115
904
221
866
48
149
9
229
501
816
69
53
134
945
803
719
878
626
749
357
788
227
958
530
907
272
991
731
917
190
162
734
229
210
974
652
403
714
88
154
283
729
875
689
613
299
434
564
911
490
512
973
922
50
145
426
842
146
924
130
484
64
923
533
109
530
654
565
390
45
168
510
210
437
788
892
49
251
613
787
841
204
877
679
625
583
168
574
772
511
612
732
190
178
930
579
60
812
328
540
182
703
160
523
2
80
555
6
549
845
809
540
663
19
689
780
238
511
342
54
183
41
575
114
33
485
609
165
591
565
39
750
211
72
441
93
176
166
971
576
349
851
579
898
652
475
74
386
846
794
939
739
207
418
247
160
462
476
697
24
549
856
802
70
315
295
55
846
226
527
957
714
932
476
185
570
357
583
369
864
196
734
181
807
245
424
111
100
127
179
964
341
962
909
475
784
443
777
697
595
274
752
545
3
485
740
628
229
494
904
71
994
405
632
885
430
957
680
701
29
867
808
64
670
884
387
461
7
100
372
854
796
390
992
438
236
640
694
601
456
316
985
868
864
915
5
202
519
12
138
857
880
935
848
991
85
292
900
708
717
787
29
256
405
369
236
970
527
247
879
216
733
827
985
220
740
523
740
132
559
278
329
603
523
45
866
448
637
905
484
693
257
437
907
469
681
787
99
14
748
455
685
211
822
815
211
353
925
2
733
1
937
712
466
10
242
790
543
634
818
369
247
177
997
590
777
377
819
839
958
316
905
173
457
72
638
885
605
197
662
750
234
526
871
410
902
482
991
286
965
963
714
858
663
704
