15712
61443
8215
41244
44173
29996
58166
51246
23086
74075
68639
85462
61098
24838
28878
73406
48270
16458
44958
73861
53538
14357
206
40802
18619
32785
77563
56699
76917
44219
48507
85323
61825
54066
75140
24757
21100
7278
7837
78035
7576
23457
76767
24909
47012
46888
26168
59494
34516
55150
85325
5370
84377
37241
70210
65641
70393
58608
78056
52253
65538
54349
14350
58920
75092
48464
16495
21471
68736
4282
21483
33801
37955
68645
36635
20990
22135
31151
85894
63713
70
59278
52340
10208
42053
38450
32523
72333
16509
4842
69681
13363
52244
44098
60488
19247
33706
66581
18711
1735
3741
19870
76306
19008
87748
82431
44212
44757
11229
75162
13757
21801
27441
8993
26694
17624
65049
23247
55785
1641
51132
4151
3661
74595
86187
32722
86251
39473
45402
3370
27077
32306
24307
28579
27969
82240
46505
2020
68670
57390
50118
22391
75483
19418
63888
56115
9922
47535
28453
3044
80797
35178
721
23961
54756
53865
47794
47991
3296
15720
4287
33701
30548
51611
70112
23593
20951
31455
41319
85937
35725
64481
25193
54811
72568
64579
5114
49030
85706
70795
82680
84496
17723
30529
67765
62571
9495
41506
83417
50746
15707
14210
60007
43752
33521
8391
71285
73810
43420
47636
34526
72314
7381
53035
30166
7422
34035
54281
26823
78843
20253
48917
14345
67917
64322
51257
46953
5844
52896
67289
61705
9317
4533
18051
1889
64327
25090
27280
10204
51304
79218
38521
50699
44455
21495
13439
70265
46593
79362
7999
42311
54277
54442
69582
2990
19152
42758
53232
31163
31509
82763
72468
1588
46118
18932
44666
13711
49493
73130
7203
52524
24482
32966
75327
60514
17820
7089
11896
46444
13091
54349
80841
17079
32216
61603
352
82644
29022
54272
77573
36880
26725
52516
17273
2445
6205
34954
39497
81395
83332
0
67066
33232
74000
52560
77811
47124
60362
58543
35574
77201
17275
78724
59239
28892
58271
65460
44750
9595
87910
15784
8421
61535
3812
78944
5562
22343
11882
84037
37863
19092
63231
14065
36306
64458
34390
29574
25036
65008
56862
7810
5712
31294
32037
63128
54452
80150
55276
12314
40946
43329
32966
51838
32506
39916
43120
81569
53681
59595
26235
75966
87058
64138
40762
42904
57290
59017
76382
72031
22361
72165
42036
19858
71027
11245
31519
70282
82270
73696
38490
33672
112
8721
62607
77355
31278
19869
83087
11572
10333
74891
29098
60927
59061
85328
82390
11811
85
27712
44465
24786
15337
61380
56553
61898
76351
79754
46485
2678
2369
83915
17996
82359
43271
37445
15194
62710
69134
71056
13069
36903
61334
71524
56516
38404
17477
45119
35476
36410
51760
53175
50781
8989
71660
4837
24682
68956
2908
71477
42017
23331
19299
24490
71670
55118
18847
45733
40796
72699
21162
85054
39195
20299
84327
68247
83582
76018
69252
53523
33789
38764
56594
40500
46611
20139
5751
18751
79960
38039
70168
28019
19727
52395
38368
72663
22386
22567
36118
46945
80995
22386
10506
13463
26991
83566
46736
783
41553
27623
53099
80453
64306
83356
79441
76151
79702
31403
11286
21405
1848
14018
47770
8105
64870
45512
51830
27019
62137
12057
29408
84912
79092
7674
24345
18245
27160
67379
20292
58455
6544
43608
64089
4294
52876
80561
23189
37186
26894
35458
2460
39886
54666
19381
21436
17868
80705
31635
11044
6578
14562
33335
861
15843
29056
86451
55763
69782
26158
21381
81890
18859
79324
81515
73046
49937
29313
46595
24882
11194
86751
55648
68976
28927
5380
46225
33655
34647
44133
81584
80495
70976
87718
24529
87678
17678
50787
60015
16614
86749
14535
82951
20536
6859
12604
27613
37590
39796
4090
18858
59432
76554
55829
44058
78327
4632
37835
35246
33995
1547
80803
54135
19802
86067
37352
15740
19424
12605
1633
84810
72823
77485
29457
34039
81594
10152
49273
42681
85123
36880
87225
82641
20440
28502
76129
51370
55574
38423
37476
83073
67974
57539
1170
25198
63119
56753
12705
43613
10312
23068
87118
8189
54487
67833
1687
20218
60584
59235
54143
9986
79668
7319
2681
29074
63785
68008
28097
70818
72094
66830
18402
17034
47973
49065
55921
60309
62079
43751
67068
34609
22031
64673
50497
6843
39190
45228
51690
44880
27451
35350
15061
44456
55007
31868
20253
60479
57116
61329
49663
4372
2225
1001
6353
64950
63052
73559
79373
50927
46169
8277
11635
64035
40156
8483
50383
36323
2693
4468
55665
74445
43776
42587
61994
6297
74292
52938
38182
54895
50143
81367
85977
79178
8622
50673
78084
19457
41532
84248
70048
83179
43132
52466
14203
32585
79230
59827
1075
5107
48517
17367
65844
8527
33409
40527
68690
68148
45583
28403
14669
81541
17614
15035
76278
43354
1650
29864
68906
41976
23805
9491
78547
22968
42133
53270
75148
78796
25902
75694
67350
35966
52589
28538
45761
61202
66142
30030
10361
74327
56858
80514
6349
47399
30938
43273
55520
54608
11285
26483
57626
32082
31302
37017
72859
2591
57905
15287
7398
64074
60171
45033
75114
19522
56944
82705
84881
56722
86676
17185
79023
28391
77315
78672
11508
72143
77707
21745
55411
61900
37980
57225
61227
42999
60161
86569
31593
66753
41471
19037
79744
66865
18818
21814
32617
6293
56908
15357
47443
21301
49481
3329
76054
87961
17346
18525
16008
42499
72937
65795
81729
51725
24745
11008
79572
17038
80132
37653
83083
52467
28771
67818
25377
57269
78635
5710
16038
71850
7091
80611
6761
79672
68776
44274
70949
109714
96002
96357
89128
123579
124839
100745
113219
175826
160321
114453
113534
131024
157561
134988
152137
126275
126034
132695
133547
118987
138456
130876
175921
125304
153368
117864
113064
89760
166797
118218
225658
190123
213606
237482
206955
244577
221286
178858
261438
198356
176337
206067
234931
185289
316536
268821
334606
291993
345580
341999
405626
377268
365813
395867
425371
429930
363397
354273
406720
399428
452071
496135
450704
454077
523848
452796
460420
493018
615151
558998
586187
569725
696807
735311
842200
945025
895530
1052993
1048806
1017116
1020071
992733
989221
972831
1029397
983854
995309
1205791
1259289
1342810
1343732
1465522
1527731
1626778
1676144
1710526
1677940
1823933
1851963
1948289
1939641
2051406
2181233
2530308
2625703
2613400
2595158
2696802
2804153
2787590
2868167
2893260
2951337
2965278
2970385
3056779
3040871
3209487
3267700
3417279
3462678
3659935
3930093
4078001
4135341
4880431
5011316
5344646
5576572
5839999
5982293
6040674
6575875
6923570
8191081
8295033
8728212