61137
5294
86840
64317
61526
57718
52595
40903
49933
47708
3542
83778
46134
73103
61249
84814
22684
63247
20609
31764
84948
1304
54534
53668
82257
66540
40276
28924
13530
86024
77769
6845
38286
49364
65021
46110
77639
45368
24555
5283
29663
76467
25836
13289
35048
68561
86430
72711
52192
56443
4349
57854
19668
20301
33849
11643
36238
70536
12808
62655
10160
84001
32739
9829
66603
51817
36460
12491
47743
30625
16626
26390
48535
39683
40026
82215
82469
84817
29925
84861
67297
75944
34766
49691
74354
58034
78737
743
73316
17417
26271
43419
41666
14042
85130
6746
13355
67270
85040
49785
87072
9305
44831
41076
28484
74304
15940
43832
70467
64645
73534
78935
77171
65833
34257
78900
16429
15150
8552
6343
6929
62658
24026
40066
52722
29607
87183
18083
47765
86093
75619
58053
84406
27151
8348
37086
31553
70856
48341
57644
62748
62019
31461
8986
30845
69347
87845
18718
78713
67544
48565
27301
25823
55591
59879
20421
58986
74828
18990
3507
74197
55950
23429
66726
35267
58248
66787
58898
2962
84338
75047
51510
1396
39563
66606
55718
9783
50620
87605
81299
84938
71698
44232
22174
36112
43890
6578
44360
12101
31725
20034
50392
23462
36775
31189
27212
56892
48120
56830
29147
61645
56192
15936
26754
67275
6032
15660
19510
38405
69676
35923
59296
44800
26610
78152
33161
4764
36818
53010
75293
33913
77357
33454
85789
37505
168
72333
26888
56616
35450
50980
46835
54591
19657
42225
49810
37545
13081
53577
33602
1992
49316
70075
41232
56790
26879
49995
15569
2934
44829
51173
31819
58741
72320
37858
36462
82679
37863
18844
56297
19961
59029
4411
49864
73285
29482
4637
48696
73691
87934
42160
87283
12367
10433
11649
61484
11165
42266
83059
67402
64007
56571
52590
69422
55222
49803
32413
54803
22536
39069
21284
44357
67833
15463
62219
86835
2029
32652
28713
44566
79456
76835
66086
69906
8746
27217
20486
4028
43076
59908
15835
44282
12306
44643
81211
69708
15483
25027
54575
13256
75195
84128
57402
10698
72753
20804
67296
61665
62381
38258
68485
57521
73605
24718
82544
51645
68324
72504
35169
49549
15536
11591
27214
11079
13955
68731
70675
12902
72283
55920
58914
27823
30040
20697
22914
55216
45701
42562
18945
17665
69517
73393
11456
72
63475
79702
33940
25490
67133
52938
19229
72034
2398
79022
21184
22392
14041
51374
19287
23570
24556
60535
29723
85429
70466
87911
83741
22761
12125
43228
3997
87209
75075
52740
20810
14601
29796
22512
69806
38679
30121
71254
74801
74650
26008
34907
12956
80149
84484
8095
13169
7919
54282
22179
21884
5504
38801
84025
44807
16847
54174
85367
36472
1320
5386
45918
86471
63970
64821
83411
53175
55929
79071
30402
40038
57142
32920
79746
79685
72721
25366
2458
64126
79048
33942
4246
1770
856
5456
65083
9855
13280
39780
74938
71256
60655
83664
56674
41815
86038
26345
20789
9678
27143
1047
80811
19103
9669
28250
45934
31814
516
29915
50170
7890
60769
83172
39693
32432
6500
73499
37632
9805
87074
11307
1904
72944
8080
55499
40077
71625
76071
72979
4993
1532
87486
56597
10446
21793
15562
86340
80318
60498
9650
26495
22063
3742
24031
84076
44877
3338
84930
60174
64031
74659
83833
75206
9387
2006
59063
20334
77705
31771
63583
50090
7981
67123
28380
27360
57025
47182
70332
35739
12568
65297
33200
40650
29427
61795
18963
797
31241
22664
63710
39871
30536
25358
54609
33313
51979
55284
85098
8703
47313
185
559
10637
71951
40710
56158
86752
57965
27474
18370
83076
70337
30617
58427
33417
19321
76515
13571
57201
4691
592
22913
56405
6572
41580
85076
75737
9986
55173
23758
23971
35627
74290
29779
58817
18149
68304
32395
57405
23080
42259
47115
6359
4591
69833
3882
65190
84424
43669
69421
85421
66946
28665
41681
34886
22731
33987
25533
45311
438
55797
28750
4612
28755
50394
19161
18852
12286
43346
994
23501
16157
75869
33225
56171
85000
79769
77302
56725
30260
76327
18716
20945
58726
70327
86006
35853
6851
15219
5041
49574
71649
11193
77709
12876
16552
13154
31856
80178
43446
18400
70716
2388
58157
77797
50539
48303
12455
83479
80612
78906
40758
87851
50464
39257
21441
69697
18240
3355
3034
56798
3893
65408
10119
15491
11703
84725
4696
51724
26756
20266
55426
7253
9823
76715
42942
70293
59477
57402
81965
10500
38028
19943
35250
36103
83337
67924
68929
38780
86891
22547
25977
51370
74038
44086
18451
77381
65690
56009
51000
30970
19181
59109
31061
22743
37647
23094
66600
4617
52389
75366
55545
35678
52799
55757
18392
44872
44156
60133
16853
40587
72642
14177
50700
20025
20856
57029
47387
21880
10486
13887
14035
44831
53935
6685
85252
79725
45031
7562
46440
44430
44041
63157
23554
60295
44188
56844
20136
62594
15062
43093
68623
11434
51173
85197
39726
42904
34155
11306
36723
58205
27638
35851
21894
40410
30754
83239
47891
44113
6125
79416
62159
4934
21634
51897
83437
801
10301
26017
75911
63125
65803
32092
74657
2325
7547
24242
84091
46196
49149
58298
86257
1423
49363
49587
24168
36065
79865
58912
62169
52975
3137
11045
29095
1262
28912
28095
1671
38152
65373
76761
61
55010
71468
81912
4752
578
47954
17610
6505
26547
52878
47538
24027
45450
45585
81540
15225
26070
1766
51622
75162
73318
56727
81764
59708
28581
65190
84239
65763
33182
57830
85357
85311
75479
12998
67953
46676
76979
7071
2741
7
86477
64315
25094
51687
81220
55668
22554
17633
71849
14755
59040
35373
315
795
77905
85068
83476
45965
58938
38893
71424
72106
88
75986
42777
8803
25403
60581
72890
58944
48901
47189
4131
28602
51427
59947
32440
6258
25854
38706
40216
80968
78196
2121
86412
27199
77671
16034
6726
47770
57225
33821
36165
10647
8600
389
19381
46602
61745
39792
46718
44767
26315
71645
51283
45550
29525
61757
33991
34091
23186
54434
56124
42582
39496
9232
63875
79062
69851
82813
53212
17497
81213
25385
18380
13597
51946
39978
13030
4863
62186
5103
71899
27287
85765
21749
80557
87518
55931
45674
4308
852
63296
72101
41835
18700
51698
31050
54775
40943
63093
79828
60404
5476
41161
64222
23127
63865
30644
8839
85564
25733
41963
87517
84099
24679
24475
34016
68569
73473
87158
66022
10596
82171
46790
75052
6423
78029
37324
81584
42870
15401
50426
29830
13682
1840
46769
86016
37104
27817
25003
43002
22431
32931
35382
69072
51774
82673
15896
13373
17147
41864
4560
57648
66378
73266
72708
4260
72417
46516
21156
51603
55117
2112
73807
45220
15345
70085
53698
72585
41107
3389
73501
5956
2306
54410
53211
86276
48094
64122
75863
3347
4303
19442
4818
41785
55816
36596
11870
54938
35976
44504
81871
66298
35606
84477
76921
45549
20598
32787
44041
68597
48152
55731
29543
11699
31198
51555
4399
37740
18254
70674
13438
70432
13815
76594
31077
18698
49847
83486
54429
18798
47366
82937
60910
79269
4066
58217
35433
62610
8247
82228
80530
23771
3773
40203
64747
55845
72684
11516
15874
38708
59971
55192
10447
81799
73552
4454
12083
13591
65685
54974
84998
46137
30182
24115
4555
60073
68219
8797
3640
67803
6297
27414
47375
66824
64839
72818
80741
79242
50431
73947
29352
41258
9687
58278
36980
79683
54358
59292
63566
8131
6879
992
63210
11271
6378
86513
52251
16534
60477
86117
13848
42691
32892
35547
4739
28766
43014
78801
3349
24681
72073
59683
40959
47196
32437
15951
8199
25887
79810
23552
57256
25523
87516
40045
6636
40047
1631
83825
78584
45039
72481
47277
71008
25424
26170
59793
32615
80121
76657
41255
35390
47366
21073
47551
55220
42567
1637
54537
45551
84224
72829
60581
48244
24764
34587
11273
76734
66788
45006
60896
3343
57891
13043
17312
13501
44319
78780
19251
47075
25553
13913
75988
67884
13085
23673
34893
74906
71141
26950
34356
60096
18314
61342
53563
85961
41216
42336
50384
62126
74362
13189
82663
76444
19648
73060
15840
77254
3806
58816
3111
64620
87854
22225
50556
893
3581
28187
3794
40549
79070
26876
52715
77453
14512
30077
29661
69271
74652
28739
40893
77334
70605
51842
65372
8223
9013
43301
40615
1979
81177
67299
11041
59126
15993
18016
87809
45684
60658
810
44135
29609
52835
78453
53830
84509
9031
21915
13816
31923
65445
70
53042
20201
22237
75012
45719
60098
73562
8175
73155
17687
37237
50653
8224
66385
6487
74774
51655
60305
59353
75539
44236
3384
81676
43629
68283
5587
41785
71380
1804
85178
11120
1141
8823
38857
26927
9393
27324
69238
50057
79040
57127
47028
730
27070
46121
49488
18343
30675
39014
42754
24393
72567
7005
41326
58272
34688
77428
54537
14867
28926
41855
37646
44330
19000
3071
36877
39451
24266
80182
60086
12574
38104
1039
12356
87175
61468
40393
76573
50412
80898
71243
65957
42910
62700
53632
20371
12732
84518
15533
84427
12525
59386
29117
21442
30545
6503
87529
38661
78395
50131
12638
47655
26598
31427
48692
87348
3629
87784
47628
48636
19023
13635
86952
75886
3174
35990
10358
1178
81588
68068
83677
48033
41471
40370
30381
39618
60264
64286
21762
58955
9998
24162
73566
10222
48990
47320
75826
43255
29511
42379
17406
57265
75415
13770
70394
34971
37252
25022
34963
63459
7501
32379
20513
37691
20612
70125
24485
32852
76268
48400
73550
66087
26863
26111
47561
69321
4783
66048
3643
28370
38446
76416
31585
85821
16180
42652
36691
55316
62261
74796
46866
17374
35545
27365
22350
18245
53749
67799
13243
19621
39080
56500
26797
72665
73198
51289
57217
74909
59663
82561
65401
79422
82569
7002
52332
69765
80
45789
56843
15572
10887
73413
32939
67038
43702
14060
64654
59481
52096
14714
54245
16669
34759
4657
64965
48617
2499
52660
75596
69410
4099
53472
78227
17898
78546
809
12870
33969
19635
72859
35438
86131
57740
46383
3565
7234
41259
79702
5973
6041
222
33482
65706
29247
45826
64781
85419
69323
18841
21310
18662
33073
858
48797
18910
20465
34661
3106
83578
69512
68389
47215
75469
52922
74667
6277
539
25703
38291
14807
87194
81451
76707
6133
68087
15173
86902
80813
11897
15175
40775
21001
38190
17208
17599
11640
38427
20299
72783
51972
510
44144
72628
52274
76499
25961
64223
17950
55085
57970
26518
74367
77701
52722
79939
14951
1064
12996
44801
12194
29274
40330
54596
43066
8408
82747
74250
45289
45673
7610
44022
68267
1850
25157
86530
23903
10471
58583
52625
42971
59898
27058
6208
37337
35684
2580
33061
78474
67222
58781
43445
64630
30862
34493
75258
34079
15410
28357
33318
10273
54226
80158
51299
71014
57559
65370
25019
4197
33343
5842
79503
49512
78391
82491
9890
87968
82183
47703
63084
86420
21481
48954
44245
51685
84929
66543
67793
31751
67643
73272
1394
539
9152
43264
68770
48765
7707
61721
57633
26358
16516
27447
6185
83275
77805
16012
78743
43168
87889
51378
5262
73733
61478
74303
16590
52717
37016
65115
5659
73026
55887
7521
76340
74538
3309
72602
62110
80910
63541
17190
39488
79963
47276
12154
81845
7839
44370
86180
68334
18330
17319
4055
15045
69739
59056
3767
12411
79544
42136
52567
6703
47014
51563
37003
25844
23176
48656
47281
72339
84900
36030
34167
3911
38788
36491
21535
8860
20162
82388
53064
20697
42530
86227
29175
12653
87192
21526
28491
6263
28064
45603
1582
28763
13902
20919
11335
65499
56714
34109
55311
72255
19077
71071
72574
70859
43460
51879
19728
22371
2189
2723
82231
65256
3807
26412
55424
31229
79223
19634
13799
25500
58676
17525
41674
77373
11724
45265
3373
28914
40349
81350
59867
65231
37972
86274
82083
30573
75243
29517
65891
59236
55609
1795
64723
53794
5444
37141
87862
29206
74694
37053
58505
29376
3173
66391
18768
3062
39252
13152
8990
7646
51221
320
26719
42469
64104
16544
35783
85620
71082
35230
64944
17849
7276
15607
75823
3147
35159
67583
394
53055
56477
46768
2920
7989
63416
43467
84906
53919
8660
35615
68946
30320
71958
54999
38515
37725
13728
50716
68135
5178
62230
36516
5434
76696
17106
77559
61224
34449
36794
83364
27361
80145
25242
71436
55971
58188
22663
20028
3123
64517
84565
79402
37892
33739
36228
85636
50527
35891
36977
34020
86166
60383
28680
41487
4576
39941
23919
86483
31564
80735
22813
5605
2778
30847
26359
20369
31484
52403
37115
21109
52712
55799
34157
78618
32156
84536
30457
56869
77625
22170
15066
5982
79231
74684
67430
36064
44582
59206
16781
38732
20575
77461
76083
82491
48351
59126
55798
47290
63428
40284
815
6542
2298
63152
64116
23120
19273
4240
30407
18928
52980
35108
81952
38058
33809
57257
67658
60037
48784
36645
56832
14877
24435
77656
75710
75033
41040
37658
39961
68764
71096
55112
38707
81337
56919
55521
13623
26398
79524
7594
71335
39230
15905
70842
72542
80626
34162
56015
14481
44654
75740
18950
78216
76001
30939
50066
410
7453
69864
57997
51886
74577
80834
32412
53941
74690
9118
7519
42973
85959
1440
72146
471
86260
71392
79822
21807
69129
23354
72892
54648
54733
38950
47320
20323
25414
53834
60244
74809
32939
72801
73191
62410
70110
29563
56883
48225
27426
12369
29855
62766
18477
34000
72923
74935
83546
36476
7622
78106
49807
15186
40831
41484
23234
39948
9268
14739
30970
66711
44140
16537
55132
37147
55840
58479
48268
3687
5557
85631
47129
56090
43936
12994
31413
17140
29000
38494
33769
40015
85048
26475
66163
4083
21319
58398
80483
18617
26217
62353
65942
68845
54917
39205
69540
16974
3815
38186
61034
24879
32937
49935
56833
46802
43530
36511
55591
30168
383
41136
62116
28604
10294
17311
57145
41453
23015
18164
85381
53097
13148
5807
46698
3532
69512
67791
27816
26565
45539
75470
53622
69766
53262
53828
81046
69602
1011
64723
71723
57553
60124
39228
59108
28259
66981
83993
86326
15121
63901
76747
46618
12026
61053
75084
76305
12199
80662
57900
16347
18939
63641
48338
24523
3921
60124
73217
71604
40968
61151
27076
2146
13390
34204
43897
3810
41625
65218
2087
78798
86372
24527
6766
2515
42187
16328
15842
24674
31530
72963
30957
29083
16833
33334
12561
16637
85755
61996
7986
33958
17364
30502
35478
15461
70910
73711
40896
78853
27156
46949
13807
85907
68059
23380
43281
10520
51156
86551
19591
19045
24857
32393
75386
81587
59943
47454
60797
36399
85177
74034
15298
83892
69838
21563
24867
32460
10443
57449
9504
25727
66353
67681
78642
8684
44724
51742
50153
5002
36694
22917
54653
46439
64947
11004
63221
66651
3648
73537
40029
67752
46551
41936
84107
42244
46715
86187
75995
6819
6503
72154
18760
29759
70106
68397
49908
9947
5936
41811
81846
41036
46608
42010
49468
23530
28136
47862
84519
26203
76795
49528
37914
18401
87285
47674
39000
71951
47765
75817
74946
34280
73817
43519
60963
42255
72688
10878
23762
71583
29303
5150
40348
54773
50188
77868
37176
56780
19238
47562
35526
18807
63172
30346
47263
55246
24676
82222
73535
60695
47328
29671
80223
37282
46579
19024
46980
14632
62252
1339
33119
6349
35115
44347
29889
57967
5290
75372
50136
86084
10812
62384
72958
56234
36096
84393
29360
14439
45795
75597
26043
35153
76259
69774
53784
87165
8227
18465
23694
58091
25976
1038
60786
78598
87911
81882
3015
64214
47803
2380
60819
56158
64913
54839
27243
11246
24054
12784
35459
32853
6558
73497
87284
53050
41211
62382
44285
28919
24722
68155
7701
69384
41459
46534
72214
47927
34234
4656
61909
54680
48316
38228
87774
77426
36554
40898
14055
55921
42384
86022
65026
22666
65883
5077
9327
5697
66024
18201
4332
17523
2999
39943
77488
86900
7905
86904
58051
7641
12039
32838
63654
4819
70362
38081
33936
4444
20081
32738
32740
18568
46148
47466
58493
32852
14894
48474
45037
35484
63661
13888
55998
85905
41606
25707
66971
74600
64922
6355
54868
56432
32635
80672
31573
85050
66635
8735
23482
21547
82751
49395
36544
28181
67529
82766
57362
81933
14404
67643
27310
19052
57137
11519
37202
12098
11974
69301
65846
18401
67256
29157
35706
11059
80802
1253
17377
43898
17630
6808
69181
53350
28247
60437
13062
66190
68711
20662
8301
5522
39056
21583
53335
82892
8284
82657
78201
78892
40019
27050
23265
9368
2331
21668
79987
17006
34299
63290
57461
70482
41151
22157
49367
23859
78804
62683
74944
18062
10270
75019
16445
54030
41169
13342
287
55713
7753
16810
56541
3181
38183
12411
62412
70965
65403
67101
87057
32272
30134
63480
72502
15590
28347
20921
37038
7307
39834
5693
19763
5849
619
53029
46831
51577
11976
53627
15695
87126
87155
12117
28464
82555
558
76896
77697
26490
37291
41371
56882
22258
15583
32029
80456
51696
23987
62274
31643
64632
65914
75021
53227
77693
67943
3900
39566
72584
68426
72386
15210
17285
47476
21297
3298
68538
76430
27880
64454
59719
31109
23170
71674
49077
65050
19919
3166
3459
62701
10808
78990
36577
34739
67721
73835
29338
47311
45717
16731
66805
32002
40813
52341
39229
3013
67080
35875
22924
16105
16677
49731
22756
20951
69081
63955
23628
24165
20688
47628
12592
67760
14139
66721
83730
52682
61657
51423
67255
63091
41044
62462
50741
84151
11631
47209
56055
50613
75517
11804
14282
73315
75103
61041
75812
41001
3698
29939
82660
69563
78434
25449
30201
29704
25639
14870
6369
44035
21786
71743
64448
49811
82154
8698
1268
20277
62822
44722
53144
38888
58073
59314
24860
74649
81400
55843
14232
43291
85114
83715
83081
75928
925
52194
28539
16522
73430
52487
42609
2813
13843
71237
40420
70579
54941
49189
3880
28958
50118
70754
15393
19940
74977
37217
81113
20829
7162
11134
46445
42175
46301
52597
73997
28209
20495
29207
47822
25529
65874
20102
65788
49214
32865
47746
53454
72305
71805
73222
31100
50694
9420
10093
36098
27875
52846
70607
14612
18351
60116
16170
13317
33533
74045
31777
39001
86262
18757
82436
5172
9067
592
28341
16647
32022
7518
55838
16377
41156
33587
66130
75885
16939
82549
87603
42519
76403
80248
60955
58600
83930
68552
30746
71083
5691
53843
66417
86161
70342
34007
51524
75951
17163
20811
64885
19858
19893
66830
66118
23294
87383
1012
83886
86719
22867
32839
5717
83564
62463
78682
12643
85771
87468
32952
79706
61182
73683
15255
24292
14842
57061
64443
11951
72365
7880
28613
46364
75132
36285
46371
6435
86477
83112
36887
75663
32182
71532
28469
11364
72146
66971
77366
66441
4075
12633
45141
7553
70115
10616
77301
71520
27864
32921
56028
47974
59290
57219
24196
53416
42433
79338
2667
18255
64865
64404
11644
47513
27980
76063
10295
82261
13693
17892
17656
55125
81465
83159
53985
51516
34575
55247
70360
13864
71560
57665
55530
33010
40924
31962
82941
13985
28955
73731
53801
35117
27473
51411
52245
54289
55001
10734
68382
20086
65200
9156
36280
13285
470
31694
18431
48306
29387
5439
16283
6091
4902
56431
291
69849
86499
60179
51047
40345
20899
36992
67066
87920
77733
36900
67233
19947
63646
36538
4267
84327
5443
38667
76537
65642
27321
72543
33034
31819
53010
9238
15747
80615
73869
23495
12125
21652
14117
83499
46572
16248
86022
3437
63694
75936
39906
5402
85202
56232
32284
86451
5568
48930
20789
30177
40703
34059
26468
36702
38462
48546
43804
4053
28262
69346
83259
19779
6065
51964
18076
39510
1186
57696
41898
21780
3264
64577
79326
45086
14878
3918
52611
68256
78266
30197
33931
21361
23539
36162
81674
25871
3193
11615
18267
53839
3740
34012
52294
23120
93
78345
18547
71497
8423
53032
62894
48710
14963
36274
61784
7634
62782
55737
81775
79352
67274
33689
22943
12472
16227
4793
24020
61626
14017
28275
30186
25562
75769
19979
22488
10326
68152
40280
6034
73764
15212
72554
54335
24815
6991
6774
26666
55650
50479
73347
86695
36968
81877
63881
10726
40590
70909
66699
87665
1705
27513
52137
29313
41841
46545
61915
61651
48977
59116
34193
85443
28624
17835
11386
42844
16826
44918
68437
16617
58820
42029
28715
78044
42595
56966
86372
49752
56821
38808
52685
8438
54228
78350
33850
84426
45759
9193
59017
41406
15661
57809
69749
13041
51224
59191
30588
27405
3585
28022
12102
18392
18739
69586
62903
74860
53359
12932
40279
56101
24854
27353
55815
19790
56229
82501
65221
76589
34933
58295
13834
79177
78011
50293
6065
6580
85432
67310
29353
62318
14698
87312
83839
10382
40119
12977
49401
86041
78478
52815
18776
7264
72043
31200
55899
61256
71226
24942
82196
78205
54901
78605
63208
18641
55168
20679
67669
63434
27590
60417
68599
76701
29047
42385
51145
82547
80702
2201
8863
5116
75438
35041
55590
11140
56934
72606
54123
54884
83668
8173
3668
11474
61100
75591
46458
81640
11250
61998
40084
8524
73965
1677
83410
30136
32284
42325
57987
8045
66896
76259
24665
47152
14935
85926
81937
31305
85991
34476
43666
80901
31590
59417
42317
66310
84706
75659
31696
68406
78824
50305
23005
52438
12484
67279
4355
9674
26044
17018
17865
40028
41713
47250
43824
54609
26625
51770
41293
78596
75031
47919
1284
5246
51643
28597
85957
80397
30928
38973
8944
55249
37011
39341
5518
39760
39035
40565
43110
34454
2631
40608
59320
25540
4985
35448
5639
38980
72953
38870
4614
58802
44094
7826
27444
69768
76352
10914
45978
80164
9557
17981
46965
43736
86432
7385
61222
65741
42006
70031
14543
53626
66857
13872
33873
50827
3935
45794
40888
24692
17675
51858
41843
87451
61520
21901
52468
20898
73553
4398
50504
78896
43595
145
19950
44011
22824
47483
69637
54518
23901
84139
33759
3375
47883
18786
70140
42401
9182
87118
86273
56052
36621
62455
44621
67689
58122
31090
69166
65686
40479
40465
24971
8616
81093
37716
8462
17197
53057
45085
63330
84961
44219
35421
37774
69669
49231
83693
64994
3922
82607
28462
62595
72236
19379
69641
57243
34879
75482
80617
83338
10052
7861
8715
17038
55697
83065
85348
48937
22974
26360
14580
11099
44337
67683
3207
4958
37467
55651
65582
79927
2720
33124
68622
53754
54061
65307
77834
65912
33679
84878
26049
75571
56264
27651
67880
49670
69260
50670
77163
81718
61616
33696
51429
49488
9620
42918
29166
31628
61408
2382
4228
428
59093
9918
34658
63588
61753
9371
53560
14179
23576
48053
40597
694
23398
61625
78403
12269
48034
67316
8601
71240
3011
43233
22168
29380
78425
36655
85500
59633
87033
37679
37730
8947
12212
53917
64404
72654
29845
14905
74279
30691
55672
23675
22868
46357
66654
51369
15288
1553
38060
60060
23856
47196
76644
69354
51444
14447
53746
62130
27254
85406
36311
29190
50358
37845
74977
80885
60850
87394
2879
14884
59116
11943
73620
47436
59455
6505
24903
13218
21806
26214
39896
82571
78575
74335
59119
46369
6288
30136
11031
36396
31756
81304
65294
87196
81220
86812
7358
39016
26185
27566
58737
50872
82965
10891
13016
15153
67263
2748
28907
76805
72712
82902
2255
3810
51098
53895
75302
26602
23487
43945
74600
20195
39617
44309
46400
30339
75289
6171
30297
71804
79899
85248
74467
73407
84458
3535
35028
38391
21341
80926
29062
43471
6709
28794
1799
12525
34025
18301
18117
9852
61142
81741
82540
15169
1947
76328
33872
2318
86361
16665
71836
24746
28146
2461
76987
80440
39809
49428
54024
81178
26812
58072
16861
77934
29477
73405
84087
3091
25159
67857
19147
11831
14399
42654
6552
13696
73287
11582
7793
12629
4044
47019
18074
60534
85226
32045
74475
4150
60492
26979
32600
51144
56797
12961
46150
10068
19606
2214
45277
50682
15390
21883
69593
86101
37831
52553
55699
16476
69891
13827
46943
44912
2305
70302
73609
38953
40945
82487
63885
56937
48437
7384
42658
86446
7596
18657
4789
66993
50938
14394
78797
83917
68146
74815
53103
13000
67007
82389
44721
74939
33954
34826
20628
52379
66907
16067
52815
8862
41404
13401
33290
14470
18405
43312
41595
45010
27661
45190
47132
23897
25027
31744
19064
61473
44444
40587
66645
85961
2545
60820
39382
39027
61971
36981
9754
33810
26741
25132
20546
29766
11956
43494
82521
37086
73140
35571
80073
35516
21729
23549
5511
53087
13258
30650
41442
39506
17775
56282
24111
7408
2262
51719
42299
63961
67185
18889
68470
73150
57937
54382
84192
69629
44187
54027
68327
65249
43344
71352
4394
29020
61148
42538
68289
77503
84804
87757
79259
48476
86474
54877
83966
42567
85638
41249
71230
17873
3662
66426
59881
81301
7430
15572
21772
26998
3797
65924
27500
9689
77804
72552
64103
1659
10915
65151
14383
37827
5948
82534
67798
17823
42840
39957
63058
41402
39986
86211
26300
34802
28638
43544
68008
79048
15620
15077
2719
59367
33660
20012
35877
26328
79536
12515
84313
30567
22936
75621
68984
23175
2271
58101
1073
44847
54702
53119
86882
47002
75430
3764
61931
45423
76646
46666
42349
41003
61616
76307
26057
77533
13386
28228
29857
73546
60428
15646
55749
75654
9741
56445
57950
12058
22259
45237
75363
17897
15524
83496
62163
24852
39699
75435
67575
57894
55391
9183
47958
68888
62215
72881
31328
64109
58029
29884
65017
35101
86058
65657
32685
80999
13517
72837
49242
74283
34396
78444
62974
5522
87364
16828
21945
31287
8732
6410
39082
3666
49567
72752
63749
51446
46313
40677
5614
48721
33694
51452
26052
10773
69983
25062
24606
23514
44675
84869
24261
6336
58242
61677
3938
48051
80746
36098
74700
8543
27482
86025
43461
46410
82382
76684
64870
55794
19539
64369
12800
38571
68550
43916
60343
13435
1558
57676
13816
58862
75718
65545
74505
10847
71251
86
36399
52763
76961
4695
11552
38098
72937
14847
25214
34850
68106
66023
67502
35757
27458
53868
73003
25050
51226
61963
25231
54541
21092
70018
40343
9903
4867
50960
50448
63027
44554
29413
11837
56849
48054
78590
37454
14187
15836
24817
61806
1596
22913
81030
43405
10753
42026
19516
19833
24194
57239
38284
46093
21792
9805
61965
69814
26798
831
224
77506
43489
24561
42291
73593
60262
29916
33329
41339
84080
71934
78241
73810
59134
66570
87888
50769
24236
32382
26542
1303
48241
84049
36961
41534
46760
15194
47742
80720
10755
40210
65880
34273
81577
10368
75985
4257
46335
10868
3375
41144
25529
70426
33886
8838
18043
42567
6748
39107
5328
68360
6809
6669
58109
25712
63583
56913
84237
3051
10393
71878
37204
15760
28531
14590
12004
26345
75319
76374
65021
86397
84254
16830
33805
64957
73783
16578
42600
1234
16582
50647
57145
82325
73341
46923
76392
71085
86500
81768
26001
35138
45581
39746
39956
28393
67183
28636
54588
45280
3352
51395
68727
21162
37493
14925
67287
55589
63478
50855
2061
85133
12488
62323
64894
26160
16850
24796
38846
3163
37786
45285
34025
24896
58496
85327
70846
82605
10352
57380
76124
68570
31109
70694
24991
23048
57733
58054
76015
19105
26758
71785
45372
70668
2518
62269
6382
8705
15042
51787
32806
54653
60392
55365
51718
20017
74364
26986
87634
85500
929
69489
72802
63630
52937
23990
75975
14008
73448
45048
26469
18908
17883
6736
19988
45264
29016
35625
41749
61232
79170
6809
40654
22299
75453
84833
26501
25087
58120
86339
6517
25293
27902
76765
48289
52675
6264
36438
49523
81427
54514
82311
75252
80718
76060
77908
2853
21722
668
33285
2436
75375
10839
82337
74761
47084
81666
39759
71125
66025
47714
48308
75666
28660
62830
60210
55665
52413
68956
50028
39891
82601
1919
59644
15823
69101
85896
61057
46332
68347
1880
15449
6786
25360
60375
75997
63587
17792
68303
19773
42689
38274
25675
47861
79388
63333
16809
2136
84672
20861
81957
52431
35463
80115
77363
40545
2690
52644
83632
69894
80639
8114
70519
19362
31914
24290
54298
37258
44766
71945
66054
69659
87769
172
71851
25951
9733
63022
61661
30576
63297
44154
38907
86904
29590
43507
22135
10273
45457
73669
2586
44267
62780
23402
53735
84644
50113
43165
58269
80724
12812
74559
41859
35069
63363
28667
2534
40647
57559
39450
10362
51555
25271
3532
14846
26058
42674
45056
19589
57603
13286
35570
11739
35251
19703
46588
18582
16956
37555
1401
12009
26333
80708
83251
19188
61379
41709
20076
49198
55391
26576
79693
82998
71876
55134
68840
31411
78965
77399
70113
57191
67668
22572
53228
80221
35404
59918
55638
70347
7899
50919
60357
76662
87207
40855
64503
83009
12127
36039
14475
76755
64297
68722
4540
81380
23506
46454
78608
85313
56125
18901
60701
84405
62142
85576
10851
27184
75606
30560
38460
51923
57096
6424
87418
87041
17463
8405
49741
64887
11439
15023
35488
80310
22077
57316
21818
10623
48798
28168
51974
53608
2720
39610
46996
9683
39631
81487
60314
28294
15274
26556
79576
47314
76084
54001
66525
63967
81410
58966
86838
77495
20962
43533
20010
35550
75394
25501
63408
58279
44647
21452
67013
32556
29878
61757
77918
7294
10081
68769
46268
71804
41630
48572
24087
18661
50838
469
8795
24096
38685
73118
25347
36863
81979
30627
49
15012
74523
39876
42259
35062
7750
25779
73212
24800
18365
5326
39522
42517
45384
75837
67560
71902
84903
81087
26148
39946
555
47099
82695
69120
27330
46862
33366
73141
41619
79216
48335
8208
78070
15192
30362
33350
11646
40541
20892
25345
73114
48218
59966
41483
7466
75990
5585
27564
72337
71499
28765
23969
83344
77314
50467
63277
38989
20129
45182
82324
10562
10731
31110
51512
42223
60280
17204
56196
55095
29131
42014
63623
23691
82539
66047
53081
40857
41127
51502
44487
85455
4972
18728
45950
55167
83104
21465
81518
15128
74323
25460
55020
58196
29040
82758
72521
10336
7198
49954
12811
24394
85944
54174
12265
33979
38959
20118
30143
63044
72707
70063
42355
49470
78029
87153
75325
35969
38112
69419
25196
77660
51870
20094
8263
5209
508
28757
68892
87562
20170
3041
27016
3256
76364
61919
81146
40258
82965
69908
5015
33353
69828
32477
43701
34228
74367
42404
36809
55923
30909
40239
43067
45234
30509
44524
72878
12084
71696
70216
44167
38055
83335
63941
25420
15350
25225
48040
25108
45138
77279
63463
79884
49126
74848
22505
46489
53986
57394
20020
8137
57420
51538
13346
51799
41122
72391
44655
83694
3989
24672
1813
2594
85303
29994
72723
27173
29117
86786
53932
76907
45838
34511
55427
27569
3046
50826
66013
43058
42927
12322
65372
40741
46857
31789
22348
7850
74206
80151
81176
18235
15572
36192
8413
69384
14675
13738
62687
71342
4916
45293
85676
81245
58884
84302
75861
25338
64318
82209
75239
18994
13118
80116
3937
6878
55626
5496
11800
36741
68372
53734
9497
12229
8024
71293
12476
83637
62692
54322
28151
12493
38063
73265
24040
27406
45622
41540
80846
38416
81601
74760
65827
59647
66896
69293
4369
60859
50239
2973
11168
73982
80790
30336
8821
76578
3100
65140
51956
50272
64727
45136
12275
31049
10908
3903
22324
72946
82335
80647
66438
60707
32853
47304
50435
51586
42103
64540
35592
1950
66444
17997
54373
78353
18869
26320
56659
31934
78053
35656
50555
17440
71919
22847
1912
7110
73034
34505
73252
39349
60194
33539
18091
24593
13128
44447
80402
14714
46002
64989
4979
9529
59556
42711
1179
8817
82503
54704
59980
71459
70509
3936
43497
4642
44070
67706
5369
61174
62519
61144
15984
18738
22251
77949
59308
55424
63882
36519
81416
86510
81488
57005
58060
53385
4769
41583
36967
52932
10376
11967
50493
7066
55091
29352
41034
32493
37661
16045
44746
31091
59230
31448
51298
69529
5848
56324
84660
34151
11246
69729
25182
60126
71770
19658
39590
53593
56622
10257
39229
78869
69662
81121
18867
41993
71323
50413
38150
8089
6332
32558
21099
67703
52099
1107
36548
50181
82958
7245
26829
68227
34272
77905
27816
26165
74130
61012
75085
34279
77476
34557
40870
24077
25589
5510
39701
9253
58823
36568
39616
4016
61399
67290
8140
28246
70920
70500
3835
64230
75065
31518
13788
8196
57936
1244
66020
7237
46764
53157
31888
66734
38678
75683
69795
69346
24728
86905
2923
61610
5394
33738
69783
3225
13709
43068
39197
41180
30940
46661
65872
70873
22052
41846
9433
18178
65530
496
18124
25142
53964
69502
37546
29659
10804
58270
83503
80099
14815
41835
68841
17052
86815
20342
6210
53715
82781
86955
41906
72633
45196
17974
85739
34520
27097
67464
34312
47721
80887
84877
44134
74647
68911
13670
81619
86099
8302
48744
83975
61808
14027
46539
58657
10492
55646
8950
27638
863
66986
48413
27057
44116
76639
40850
86180
61550
29776
77169
58441
46881
70552
12321
51028
28273
37960
68882
50292
60865
8265
3270
55796
68294
15064
13059
455
32886
56965
69344
61105
3283
34642
28942
17501
86777
87406
46738
21709
38256
34906
10381
46785
23418
34495
44758
70944
51059
83352
27186
31604
61695
60704
51436
76662
55352
13509
85551
53924
38358
69506
35239
51951
1074
10619
31868
49692
4110
44725
52367
56926
12740
78534
46021
16562
27684
71629
23190
13968
52887
31548
24411
67674
80202
24811
64121
87433
14508
25407
74943
63711
6179
32200
41597
12876
42771
84871
29857
202
76618
83408
84519
70264
83165
6145
78470
48987
25190
75207
23501
43097
38743
45512
36323
87832
46009
15841
49318
34277
9383
17936
45324
64874
74378
41628
67426
16078
71568
77785
79807
32003
57074
20107
49125
27009
55697
71253
29706
52886
37699
57273
17089
50944
48838
83223
10660
76159
47955
16281
69879
67385
83691
77542
45011
75607
19848
33693
76724
81720
778
66095
2005
85776
58736
12456
5603
72100
38028
77513
74727
18534
4747
26124
75115
77863
59375
72249
47424
6892
69418
15212
42586
48724
53206
66009
64177
5918
25819
73986
63735
7876
9808
62894
65631
83994
50679
40366
49028
22879
59892
78896
9413
42579
282
7283
54579
29560
7034
43798
30215
46344
81530
1063
39696
13181
17191
13469
75659
67412
50122
29466
54474
75581
19160
68291
43587
79463
57640
12423
84254
67108
85454
46673
44980
51895
41154
46990
74828
83026
26710
26257
60091
1629
85645
40738
60788
28887
74096
11479
37698
1738
30101
47481
8249
47610
32917
59732
79327
80152
69074
18480
56238
23132
46736
32240
8664
86619
77056
62035
14750
70168
19908
46312
48496
6369
54705
42578
35438
30556
37050
24054
48621
17621
35410
36461
59197
40331
40057
29290
41929
38123
51015
78450
14426
38084
86466
76675
14545
26216
77030
53096
76386
22380
81480
44589
33295
68000
52702
31998
58985
60506
84998
76819
41223
58546
60217
83718
87213
20810
46631
39706
77879
81946
27022
27218
56007
39160
13156
49221
24741
57899
75100
32323
71810
25761
86474
4000
10514
41630
53477
26796
9822
55908
51830
76983
64294
50697
20530
11852
78443
47296
21084
6520
16970
62344
46165
28112
74839
75095
86600
41488
28446
28107
83083
5111
40909
37074
20629
57265
34528
37284
42068
54184
41487
62027
34151
42351
7087
30533
12049
54444
11117
377
35451
23797
57103
24658
4187
82652
71105
17382
76308
50148
51863
43119
2789
47090
28046
13885
2050
53677
17167
52280
60584
38677
892
10987
73420
18690
73407
38191
24216
35824
27099
30424
72105
69789
70057
37822
57872
4222
7518
76667
26763
37443
78848
38695
61800
75029
65038
33387
28178
58114
60409
23373
71935
86302
85654
16197
54782
67562
74327
17019
8739
44915
3965
3436
26191
17414
20461
76575
32573
21788
29118
30073
9255
24182
81298
48528
39594
7282
10701
28358
67701
28083
32475
55713
54503
68767
13571
32924
76167
79596
59398
79950
41980
22093
3576
52346
78364
62963
39617
83886
59338
55087
41990
45044
61082
85674
25310
62260
11664
33498
78733
14512
4896
7616
4847
1896
70600
70932
26550
26931
48413
11090
14085
75807
25603
26617
4981
26374
14592
39171
63618
5811
58688
39673
43110
7716
45321
558
52732
61763
54099
51738
14051
79555
80858
35686
31070
10903
28780
78021
28773
71926
67195
1702
11219
6079
51039
40311
31965
85468
5966
39585
32682
54488
13076
73457
58951
70851
87604
2913
11500
63562
51085
13968
56880
41704
65118
5280
5137
42064
74754
47986
12064
82569
59633
6300
36964
37234
77678
43048
59291
32661
27593
70584
70972
3022
20479
40228
42627
52696
2550
52583
36738
56274
81378
64879
9379
75644
81384
73765
29769
33604
43451
15529
4407
61210
61043
51624
26837
69052
81326
81589
7486
15208
86739
79631
3328
26472
5156
6079
52072
58182
44344
15851
65276
46914
63191
86204
13587
73876
62682
31808
38107
69459
60407
28714
35097
10143
71578
80806
50124
87411
22786
63202
83989
47226
77065
23412
49603
1715
66293
20076
14125
78734
10234
38254
76813
34644
65660
53987
19057
72727
47722
46277
57732
34373
54007
21667
32121
51554
22050
27566
57723
44950
14914
3898
86546
60658
81694
18181
71753
61821
36497
41447
73336
59772
16515
22434
86525
11457
50020
48801
64494
2305
1250
86252
72771
64891
20790
6063
42136
58639
5868
53112
71295
58744
27928
20108
36210
83683
33836
16829
1203
7688
15621
48839
82630
84861
14482
55695
43425
54982
36251
18799
27234
72698
9544
43744
3524
82647
83725
28084
44771
21152
36015
61207
83379
55273
68253
79601
29124
64725
11434
46068
45870
25737
61988
61425
38528
55416
77615
27593
29252
8071
65726
61537
83269
82028
41270
51047
41350
39278
23428
55732
37302
44871
5368
30643
6096
71619
45420
54849
41841
5018
16388
38792
7458
26010
41569
78142
19210
7910
44233
27099
61504
19307
24111
85920
86892
8699
3786
55214
57971
48472
68760
76339
75369
84651
46901
43666
17535
58464
20136
60261
2810
62187
71485
57911
67304
31501
82095
22605
53676
22673
81036
29616
13235
24008
48051
86932
64125
40958
44590
13407
50402
37617
84667
57854
85311
47030
33242
29590
13012
86332
31193
2292
29307
87849
68306
74863
74463
57077
6659
31546
61543
65075
63365
74670
44770
53241
62485
7806
9382
40481
86792
20724
33453
44416
66557
64160
44133
79413
11099
35597
60135
72048
72673
12015
61941
12412
5974
18472
61671
20102
44735
56859
41039
72497
29207
64737
54211
77255
34728
6418
84694
82309
66583
9415
34664
48001
45625
9445
85457
6702
58072
84831
7459
6256
49472
23366
8005
23950
81507
87355
25784
66168
32601
49023
76701
37924
56154
14620
38666
61402
156897
108065
134959
152555
160367
145412
98988
123846
112198
116755
124494
96999
167463
161028
139783
146921
167825
112223
140856
153653
142598
126702
159521
140425
175167
151789
110325
107789
143786
158675
169279
144480
110641
120385
117922
149814
93509
165231
91804
150194
175286
121015
128512
132372
142070
131109
162441
146257
114302
139981
145611
121851
116678
125236
111966
129819
147893
116079
129822
94111
88246
97472
173969
119984
164900
144845
168929
109608
124497
94099
174029
165071
173617
97628
166552
96944
160991
160644
112613
124171
91735
138603
94700
124298
140750
124051
132277
159442
137956
170855
104641
128179
168043
158774
100476
124454
153941
170132
148152
145367
90974
149998
125910
159730
136603
124406
142198
144985
143913
121250
123331
137628
148870
102180
139797
141270
168247
94297
95870
100812
115167
91139
157961
112866
111993
122023
128100
98169
88614
100158
95955
159818
166738
102606
91673
114351
125469
135550
130427
109093
117902
164322
162045
94990
137877
149639
117035
149915
116413
99324
150697
134036
123370
107620
97140
148224
104155
124841
163709
126706
159356
125792
128097
98651
124964
89896
100937
145256
171424
111507
111901
99568
118452
138772
99286
175520
139742
155449
95431
139386
138298
120097
155236
116534
98457
142650
152780
132990
128728
164241
94354
93154
92444
136040
111696
167815
91718
154913
105402
155522
171900
89670
102760
110188
137765
110969
113553
139036
173799
88211
93765
127124
139917
107572
151182
150047
134965
195625
263682
223812
185178
177797
218093
234048
262734
206793
253834
260887
236086
248483
242530
188107
180828
232337
191837
219152
188885
220731
207740
180980
200925
193968
245764
247791
209344
236380
202493
234738
192928
245695
245049
248679
210903
246675
254677
240548
242687
220112
242075
185972
231739
233596
251971
242906
206018
257636
191042
249972
261843
240861
221116
216549
206981
220240
248134
235374
180008
220254
262049
178780
247964
200848
202886
259571
180637
227495
250331
252863
207217
241968
231420
218511
191942
205444
262986
260652
202507
186933
237517
243908
179016
206162
213666
224800
220290
259299
198328
177308
203189
249387
179330
208790
198704
230175
254628
270449
274216
347878
282243
277705
296972
321822
277658
322335
281122
316050
275302
316621
316743
284273
351980
340557
324021
298495
285443
323229
294122
279564
301508
300038
325271
329519
328032
269906
317854
319163
278897
323376
341533
284108
334425
331350
351353
271938
333443
324051
347462
375698
389085
356676
427946
397112
362334
432732
432482
410976
419487
381903
388788
380270
384517
371369
379725
389184
366605
409318
372976
383434
383689
396322
412048
409023
393776
353262
384381
384659
416065
364121
388421
429903
394259
418079
427463
405413
385363
381910
391690
411344
419539
374413
378306
426225
352413
358636
424842
402413
437687
398849
405044
387881
412103
374146
358822
363994
420985
376230
393557
392461
435388
394188
396985
364512
353628
366393
365121
398199
385831
493488
520433
460295
453549
511265
487470
491080
469843
494908
476835
521115
486718
475561
523445
472231
500167
465779
522646
490561
498336
473179
467703
523919
515081
523629
522790
488549
501838
490473
518417
479340
514261
502685
471101
526220
474864
505777
485838
446663
483987
460782
461730
492373
513135
447914
444274
443356
512635
461331
450290
475965
485252
454070
522676
511028
451225
544784
606699
578456
542312
610770
607775
590003
601542
529718
594965
595927
588546
552717
564139
573872
536280
551472
560148
614924
582946
550680
564605
586734
569344
562055
539345
553256
556810
675805
665424
619614
665946
679403
697541
673243
758793
741253
715498
749517
752861
712839
763466
816194
840434
808739
864389
822833
812836
795795
928928
964030
940338
924407
949835
922465
963356
902622
903229
902352
966404
936540
965409
964734
1033802
1036485
970357
986827
994281
1037003
992869
1012832
984419
984181
986674
978757
994012
1051804
983658
989164
1027743
1054357
1000075
1012159
985890
1025309
1009687
1036276
970164
1026185
968626
1013942
1007799
1032219
992929
1039206
1007878
1033904
1055997
982683
992488
1053641
1006022
979648
1036710
1011945
1049179
981995
997458
1041772
1021950
1006808
1000819
999950
986052
1002995
990261
1008706
995700
1039566
1008243
1004118
968380
1038769
983449
1045040
1000286
1040230
1013158
972879
974207
1021367
1045701
1029753
1209741
1155397
1217819
1200700
1147828
1176630
1224696
1292398
1245930
1275354
1312233
1293898
1233459
1286441
1360056
1327857
1390065
1350395
1381068
1364974
1376253
1372836
1380134
1363007
1323139
1361293
1366358
1385323
1451686
1414118
1459716
1474362
1427142
1485001
1486581
1559053
1579074
1527963
1507181
1517717
1536519
1518131
1621935
1614840
1640547
1650676
1617547
1610844
1669141
1698755
1744358
1739909
1700630
1758466
1701350
1697293
1709317
1743383
1699636
1747279
1673658
1722448
1728095
1687811
1731710
1705611
1696279
1700238
1731526
1728246
1819194
1827440
1762712
1761714
1840804
1790289
1823613
1857124
1853514
1861143
1863708
1900654
1915039
1873774
2011071
1976660
1983771
2015458
2010667
1959090
1983282
1981224
1947414
2010966
1991399
1991090
1958851
2013537
2088949
2060987
2081827
2051974
2083911
2091739
2045788
2119083
2195721
2182574
2138523
2165004
2129424
2163534
2495249
2475536
2491763
2469042
2523173
2471166
2523177
2564602
2617711
2587092
2589465
2624658
2604952
2576416
2617782
2629760
2607565
2579699
2572235
2629437
2614728
2630816
2580839
2621228
2601270
2619289
2604610
2582483
2705587
2722921
2725778
2673939
2726104
2667554
2699882
2766982
2761195
2745505
2748964
2805957
2805061
2798362
2763736
2756097
2803411
2794359
2746151
2794357
2760270
2866166
2872797
2893341
2819961
2879707
2889402
2887494
2885047
2851535
2827588
2869412
2895374
2851935
2897218
2931991
2905139
2957995
2921965
2985703
2956677
2922264
2972876
2953527
2938148
2911190
2905008
2922356
2978789
2976491
2935796
2907708
2917354
2986428
2988409
2920335
3040799
3041270
3036187
3062462
2997237
3021980
3016190
3052478
3015297
3051679
3034701
3073886
3005114
3064877
3178737
3205383
3227164
3190122
3199849
3229973
3254476
3286573
3327679
3300245
3314974
3269082
3296400
3325552
3423307
3428470
3384989
3422956
3360956
3395992
3358578
3485021
3475639
3490952
3509408
3482100
3481240
3472890
3647001
3659211
3690058
3667544
3675185
3647477
3638906
3900561
3946375
3941761
3909901
3934983
3924809
3920952
4063048
4131281
4065868
4120364
4097060
4098698
4117768
4087047
4121408
4086792
4081618
4071646
4080777
4087988
4903913
4900766
4889003
4856019
4862180
4847272
4874322
4936742
4984325
4955806
4965721
4972775
4968921
4975347
5322113
5320555
5293203
5352446
5302554
5320066
5321955
5596312
5593687
5607132
5562566
5623635
5602911
5593814
5827317
5859119
5865133
5829593
5873004
5811931
5863170
5961596
5942608
5964514
5914936
5899646
5898268
5938044
6024969
6006968
6011043
6007599
6029179
6011814
6057330
6593812
6584360
6540791
6555463
6534567
6565148
6585162
6912456
6883903
6879195
6884330
6865905
6907212
6888364
8206608
8271128
8262795
8216276
8245960
8256046
8203258
8352812
8314759
8339645
8320238
8331243
8349973
8291394
8778457
8713796
8738089
8754568
8780417
8792590
8720065