49382
18646
33460
22842
9132
54679
74204
40354
24903
71779
6586
85632
43995
20910
70199
31523
50661
77799
81645
29653
7052
13912
36989
52074
18816
27099
42792
61015
12441
64953
20116
3949
4640
78211
42890
67155
77205
33781
81218
35143
76864
62898
83932
60397
37000
41184
76388
64551
71311
44141
78820
2422
27167
81123
18648
20816
73738
69308
81954
3753
31578
33604
28080
84748
63365
63451
9080
5612
41701
26679
34209
66906
55209
50668
49364
50650
13940
52544
53875
68653
74799
79777
35341
68646
84155
28867
69933
31247
19627
26690
39302
80761
424
37402
71135
34147
21375
70644
42471
48479
4190
81919
75274
67744
18465
85686
46242
7763
49356
11988
52777
83102
31578
53120
22379
34004
57713
47781
75157
83711
61472
71612
16913
32508
28113
15844
58862
36561
17183
10353
83817
66482
13699
17599
24800
78156
23574
64297
74446
6021
60922
6978
2765
25750
8255
38506
76824
71771
56937
24469
17826
19702
2677
66390
11847
5547
56751
34740
15881
27838
81858
30199
28171
67751
2155
26621
57490
145
10933
74282
3335
29198
2579
63166
20084
41904
39229
58235
44795
57551
24245
55388
42233
20121
37452
71546
75382
40531
64411
27871
52421
54721
1396
6485
38738
5564
84138
53983
46563
81791
29865
67704
13551
62259
31551
79159
66741
22098
4997
8522
16048
33385
22689
43923
20737
63157
26628
30350
29904
45459
40058
66520
6089
20779
57431
78369
27047
36032
2467
48489
55385
52031
8014
10322
54129
38928
41433
44069
14489
29760
67813
63299
77708
45648
13793
3225
68262
53719
54167
6504
32422
65983
5602
46270
78730
87954
47623
75632
28114
40540
23029
16623
82426
85605
21511
38459
76737
26829
67202
41785
44579
46145
40437
22245
37025
82164
48034
41281
34405
51836
20157
28635
66431
77311
62482
40233
58782
33936
4402
26787
74260
40393
76483
38111
61201
80406
77733
73196
18283
24839
82306
46671
63268
12609
3781
32441
25831
52495
68222
36630
55029
86811
23995
35139
20734
54263
67386
43759
86184
70395
61331
10973
16903
66308
70979
63794
35989
11399
54725
65380
13582
55774
32658
3295
13955
34928
6976
76533
64921
31949
7985
81678
12458
25343
58876
44470
77365
23005
30350
19871
63352
66523
11184
2052
69934
30041
32374
68110
64985
29481
52399
6666
37885
25803
34873
880
87631
69911
1135
35568
12727
66371
41454
15969
60369
60153
19948
3716
27059
64155
1817
44339
31003
572
48995
27821
81127
59975
61092
58801
61890
80616
42753
78276
79223
51840
46559
10869
66831
13707
80545
41614
30493
19995
18188
12637
19894
79090
47847
82720
1798
77973
10908
40413
12685
39485
73251
8660
29592
42313
70017
28593
701
17307
80557
65105
59693
67398
41894
9147
74815
24937
65121
85403
21950
7642
22662
66606
27403
32092
65479
47161
43362
34773
2026
27663
21878
61474
37045
49117
29383
68486
54110
50275
44288
77092
27195
55875
15251
72657
66123
23692
77824
34547
85722
84454
73180
82377
53713
26162
79051
18478
5837
9208
40291
11600
61495
9086
51447
3393
20931
21628
61142
28109
86732
34986
50617
73918
73759
28561
44241
41135
58673
25788
12322
46954
52164
38585
81722
34680
80418
68820
20366
27835
58815
3721
53801
17234
38282
64285
51258
71004
50196
81841
66102
49971
7592
19073
74206
78139
24471
29008
25468
83427
74324
74827
22260
20478
75153
70902
15878
24450
37683
84948
20448
17918
15394
59968
80284
23227
40833
19981
66486
59651
64983
65480
18210
64514
1488
75158
27721
7507
5443
4073
68550
10122
86422
58731
42512
67785
66587
24742
4094
76407
80437
49906
71955
40682
59736
38850
41029
11204
65933
37964
34298
16781
69102
64515
6496
44355
8670
21306
44317
82433
68085
52692
49502
61360
7001
36562
20204
84819
11002
41572
27009
59275
13622
48036
60024
50316
65248
39425
85895
39399
69622
66463
77951
67779
7393
77706
1840
39735
11128
62858
80370
7382
67029
55997
75785
78928
16382
83640
55286
74556
28557
82301
71548
26378
34110
61910
14396
46
22840
64067
72679
25249
61588
8686
22148
80241
71131
61834
12940
55710
44025
77104
11291
78046
75575
77179
26529
41526
15825
32542
86544
11372
54255
9618
26728
5606
774
12843
20369
30034
49991
42948
68761
81726
48483
10887
11182
28346
69150
35003
27597
24676
33133
77516
4391
23357
76906
7088
24412
36130
49309
77526
10942
16028
67209
22807
22614
32882
32283
7124
71855
69593
41860
11997
79761
81121
20754
83426
46111
25875
67395
74650
27201
81470
5440
46499
56292
80524
52947
7772
31579
31839
17140
34957
20394
59991
81463
74778
87983
28445
42922
78014
84745
17808
76439
63104
87047
36647
5837
39834
79267
49852
30554
73857
6691
16402
69432
50653
22781
19001
30813
19942
1117
72176
64788
49449
14629
59162
4990
32234
21455
41946
34205
13607
10416
71012
86801
54909
30400
23270
35211
26929
43844
27858
50613
22591
52636
69748
24130
80538
334
81278
70638
41640
62370
49779
39173
53188
8431
22529
66083
2174
53201
86531
71965
78957
12774
81569
24396
5135
32580
85190
37223
30696
25917
72087
73816
19112
31075
48957
80736
56657
18333
84457
84774
65915
20912
65739
5459
46706
46690
16296
67565
46301
2639
79980
67374
60379
52323
32458
87872
61399
22196
42251
41057
16611
19806
11629
68029
66530
77098
4584
56086
4773
22309
53422
82238
46743
55137
80198
43648
61089
60880
35124
67670
45853
42172
70930
52801
48909
1691
21429
47044
16376
36627
51356
75761
62793
47185
25407
38288
41138
5389
45040
39790
80578
39227
43269
76514
33854
28797
20678
7398
67955
52651
17965
53100
24843
3939
79873
23786
86370
43208
13737
35587
25016
12931
56810
35009
68415
86945
16264
2525
33222
9467
43358
16
19000
5692
86156
71032
72601
18256
65364
46898
67699
15476
1381
61217
18377
60186
46425
50769
67324
56575
26940
58912
54402
21600
19634
72314
8496
53840
74246
10183
87055
43899
65110
23078
11873
77825
12860
82403
13624
23270
32190
76156
5954
23971
27211
10609
13418
58002
74246
75412
75598
7069
9393
43327
28090
79111
34232
47727
80482
56730
24495
21737
71139
1980
52974
66232
13670
3979
47574
19183
76688
14273
77491
22894
52968
15907
17929
38784
82202
12259
4866
45652
66694
54598
41912
67094
66146
33741
47650
26730
4520
9354
28803
46230
85884
86727
41655
84230
13199
2473
71917
31362
18923
63501
84114
17310
87233
20029
57379
71793
20257
27620
28028
38002
30609
32812
7444
46623
63503
65688
41010
66480
49695
24415
28948
62481
87819
84275
43130
45474
31885
27975
19873
67130
11312
20185
61633
19520
77077
39324
40503
60373
45136
72173
11420
55684
40862
4615
14085
23097
45931
19062
9162
54165
50538
49903
31064
48784
62900
48156
74659
64373
37680
9625
1819
31063
18585
66580
16286
17591
50791
71590
37296
6411
69967
66772
26360
12008
63375
25331
3229
75926
20499
39410
23394
33812
64945
11367
69363
40099
72885
74022
15751
84356
86832
75941
53419
3160
84851
33610
83660
63063
31495
7077
77168
24718
31892
45518
54097
46384
59776
55937
34957
61842
19739
82212
33219
14814
75362
58689
13419
42661
66546
58401
23017
85977
5695
77251
18851
7712
5121
65630
4496
12530
25096
29915
63184
13926
47503
48785
26905
23315
47873
42100
75174
64528
70041
27124
21069
69249
18155
3044
16881
44548
66358
2290
33447
56655
56775
57240
37781
18922
50125
65538
17922
76838
4195
1301
46238
42142
14319
17410
80688
82647
72246
80207
64286
53461
472
33419
12481
70404
63126
17438
69532
21316
14044
43144
73467
38661
39304
57241
8936
79449
68733
4574
50993
31415
42614
35121
61610
7638
52039
55912
30643
2179
55397
40885
25569
9160
79273
78969
42791
80532
18746
26001
74396
53448
30312
77692
50735
25418
215
26579
36049
74975
65273
68120
43751
82991
13155
8881
80206
39535
46001
57555
52174
85038
50518
76537
19919
50357
43201
10429
48243
9471
10213
56044
53775
76679
48285
50446
53270
78582
72875
3133
2096
82880
64469
13508
72759
4961
26520
51427
31849
17544
73326
73032
72568
63924
24918
25239
15983
83311
12864
32037
52183
57025
77096
42100
50330
55381
74346
38102
76130
84367
32022
84844
67006
63449
40725
13489
67910
59025
87596
30799
75725
18422
8265
43404
87234
7629
11193
20743
73723
880
66233
48029
19149
34434
44315
62981
19176
11566
55578
85864
81530
84384
18729
73202
15414
3219
10054
37761
38032
68618
5472
4053
2855
18874
59676
4219
64595
33324
52463
31920
77190
22072
59616
58896
67992
2077
52114
39790
69954
51777
50109
11191
58694
26525
6621
33001
69642
76659
80623
34975
1726
73619
78120
63736
77935
82648
82710
45260
33477
50090
61188
4245
74861
63696
72041
33492
40620
56052
38358
63690
83406
80665
87829
78492
54428
22777
31283
12489
54069
4432
1911
79294
44504
67165
61298
68814
7661
43589
1569
55744
83441
4351
28156
38658
51470
29735
50752
19658
56135
31249
56878
74803
81696
31919
82570
54231
14996
49856
53834
70236
83525
26933
83883
79945
32190
45401
34426
11536
41149
18747
13670
72739
11978
12135
50733
11356
27559
76937
25659
36995
84285
14526
51319
20313
66968
80283
18599
16850
40666
60291
81438
26803
12143
63186
73973
5111
64100
70668
81824
8960
46858
42109
19089
73286
32501
78937
83490
47620
13074
81650
76312
59155
3420
44037
32930
63620
55585
23384
86590
44852
35094
51554
19880
56965
75044
52082
1595
59577
4809
34904
9190
80993
74569
43387
29593
81503
72659
12310
46142
87271
4577
38206
67211
40843
107
85707
36763
64459
32597
48143
81973
18203
50141
84526
17113
70425
29316
63637
15818
76502
55351
30318
73785
53392
32299
61839
4036
79869
28217
13229
52741
8607
18934
10276
63350
86245
74742
76913
46984
81435
82077
70249
17163
62955
57912
7780
87947
91
2494
44420
7162
62496
81788
78036
83568
53983
14404
87453
37027
61842
65722
17605
87511
49219
85746
71864
26070
59091
39333
72041
81441
47053
44474
83330
37524
60218
65347
66191
42093
51164
84979
24996
27050
6612
33711
60397
63096
76300
70260
28737
45417
70816
78736
7588
47576
76358
68812
67463
81039
67415
61794
2539
69157
79069
70036
59816
4264
2167
1241
12862
58304
87859
835
50269
50204
14959
50192
28355
8887
53099
51598
28192
85069
11382
39966
30686
83151
32400
36359
50755
23247
69971
58361
19014
35884
23615
6926
11098
36067
17044
17795
60549
12619
82844
186
84945
44955
21830
3312
7424
69475
18154
52460
9930
54105
22223
14580
81733
5278
24184
46063
49644
39044
35559
39664
41682
70984
28027
562
85098
47538
12903
27715
78961
40735
39529
17301
53439
68223
7885
64470
60942
23783
68676
5692
55623
1361
40361
54939
79237
14375
62037
9368
12921
45243
3836
31266
67191
20772
29292
72594
723
27378
30601
3710
34112
31813
82327
29680
26375
10485
61295
15580
66875
11713
59895
11014
8801
22197
48580
29826
75603
28802
40683
30735
73363
39928
25254
44068
31866
50395
39568
12239
44002
44332
15361
20151
74132
16324
28700
19186
25831
42300
15240
80544
47239
35140
20078
46500
79858
80992
65225
81892
29318
69610
50143
39677
24836
23255
42474
58578
51634
20143
68253
74440
64880
84785
54090
82553
42676
28384
34078
20229
30775
32198
15092
213
34447
74138
58557
45170
35733
70237
68694
74921
79175
80865
6774
40784
65634
86742
32806
48475
34733
65041
8418
42469
36087
15492
51898
57449
80028
68810
37420
48376
48580
63964
55818
72500
79520
18774
34916
55266
38347
38519
9280
46403
2027
15194
68146
37368
24240
24765
31627
82136
46671
46004
22660
13351
31570
64375
78155
38402
35110
77565
30187
74795
52319
59735
69311
31467
43087
2993
72671
52509
15599
7641
69155
59864
67474
18356
86461
74188
22494
55645
25307
67818
69648
24934
18365
20815
21208
85896
27913
28286
28045
87397
56928
20995
52592
84738
70391
48257
4426
21081
48376
70219
47398
70346
25660
2511
82260
79437
19701
77115
74401
42986
52212
20736
1265
67115
58392
86140
40423
84974
16108
21802
55790
86484
39890
33843
52007
2727
70510
8305
187
75767
6133
53810
15869
74873
63086
83716
29789
77601
25080
80540
62643
40683
31058
48149
64598
21180
8323
11004
56682
11463
87250
87347
22444
40728
57552
38123
80472
63114
59844
79484
18992
49633
8353
82246
5955
19831
20941
23012
10425
62625
80661
31428
64874
9204
23051
28533
20931
84500
2408
18531
66819
39273
53319
53148
80796
61154
14105
9700
63236
55936
72349
46102
81067
72180
51116
81089
81318
6417
81552
11510
49631
51817
57914
75174
17448
78913
39227
56981
11797
10737
40814
37477
1992
42703
58154
77984
31130
48723
87858
28977
20379
52292
78375
44042
9457
37984
18433
40885
38760
71460
32176
44215
22172
70379
48503
31961
77202
74391
2489
75340
78600
56402
78393
86312
85612
20833
28823
2300
43351
73067
76386
12326
71088
46342
79853
43742
29264
40298
80324
19407
6377
51884
58887
38187
29444
57455
19371
39970
27173
86013
66103
1266
4453
4356
71100
1283
70322
25190
1259
16947
40511
66029
64969
48936
83126
14224
61749
44508
42738
33165
29857
5238
34684
58367
33837
6214
29596
74110
8206
65299
69229
53280
25130
70618
37849
1
65251
12863
17047
32055
41041
63444
14098
40785
87205
87326
78513
55708
29509
31054
34293
80539
27373
46033
18999
42201
83906
79275
79572
53009
43744
52699
82748
57911
63982
44329
72371
49892
7015
50488
84791
85967
64223
34198
9766
46684
5626
39474
2925
4285
55209
17424
39077
59025
72412
71555
27313
18955
56200
13223
81935
71172
55010
55635
79366
20275
78416
54922
87378
5085
13449
66287
69240
78401
15458
4082
72701
83750
36663
24162
4477
37637
15532
78456
33412
49139
32786
11197
36810
52540
44131
6276
80771
39165
74785
27386
60957
28079
78300
46852
16313
63023
74647
37519
82343
25511
82877
45227
64006
15214
20905
37766
49244
55877
3762
61382
28065
19051
60057
63416
18809
59272
61684
40835
80588
13206
64167
80561
87105
81068
67299
70264
18977
73264
19634
71679
34279
730
3276
32709
44802
28312
28331
64486
73071
739
34069
54369
42743
77484
20349
13352
4916
19699
57702
51205
83555
59232
46273
77191
21869
53639
53934
30878
43933
52128
6486
16465
35405
26815
71448
45894
42283
77288
13728
1026
30221
18984
76024
4202
2428
67290
40663
60131
60173
45975
83543
17992
31102
86873
21094
15191
13456
28399
76940
35484
82034
39248
34237
56552
5688
31563
10676
56302
16845
62423
58113
57094
81793
12770
47664
13525
29641
64357
57676
72387
30256
27781
65761
8545
36443
62422
40586
50820
11380
35163
59874
71512
82305
38208
67932
85434
27696
83244
18509
16155
60965
54911
16437
73725
84692
36360
16307
26612
38196
15446
61085
35781
70437
21216
22726
16295
14403
58206
13914
61413
82306
63523
79151
6078
52548
46941
18476
16319
87646
2988
59016
14243
21419
7482
23589
76359
43399
30409
49801
33431
42940
8047
893
74690
43457
30707
74287
31658
70807
19321
26755
4236
18716
59325
14272
51961
18884
67113
84674
22435
47640
28297
35457
6219
12057
52492
75251
20424
56148
28491
20394
28286
50700
75254
1530
4991
72233
84116
33379
72038
84573
10896
71871
2195
12581
61789
46053
67934
48520
80126
48903
68785
56081
58768
68900
33407
50976
49970
58911
18317
43214
63096
41817
22736
54181
32233
13438
43998
80938
58540
30148
81564
55024
67081
101
18307
2027
38840
64299
12242
16476
75210
52319
30875
79260
70915
9190
33114
23376
61859
69279
46919
83462
79038
48585
59385
28865
45713
71447
49171
51391
12100
87501
67384
59666
22836
76778
82572
27213
40607
23577
14786
58837
84096
57548
34235
25287
71136
59884
49280
53420
72324
33737
79334
23478
33874
44899
40426
38528
35090
5956
70395
80360
84912
26673
28459
26514
49519
16708
82669
86239
10624
34540
39018
62420
46425
86715
22403
38545
42970
36158
73877
51767
5300
24315
59363
20640
76302
60514
36150
18217
20843
67663
39694
43356
19034
12968
60389
54005
21749
82935
17550
42441
39918
32470
26091
22214
16767
54291
1213
7894
27388
39310
1562
60301
68994
26970
57477
28972
68559
87506
6118
74014
54089
11658
15290
52766
77215
79870
60486
45423
50698
13177
70976
32255
71880
45026
38184
1902
24522
22386
81635
81629
75484
17688
4935
23071
58854
42175
20903
58741
32666
70940
1355
69732
52925
19427
10308
1529
76245
12764
45480
49753
47001
43837
12987
56001
2719
35655
25483
39651
70834
22863
9180
85513
69534
20964
87278
4853
50641
48136
15378
49652
73990
65125
72836
44969
49058
6002
52611
62333
1467
35863
76808
64513
37028
1841
21171
23221
59640
72746
56479
72680
1330
20081
22992
79548
36728
2475
20633
53598
56618
17986
7911
55071
73725
50240
85811
50330
77602
71335
3993
19210
54605
44887
63476
86352
11705
68050
71137
524
6668
87007
1405
1136
61957
17727
35998
72899
64962
67289
39755
7192
62904
26765
30133
61473
55835
55201
11764
31400
13598
47133
69191
11396
61293
46796
353
29825
64317
82978
66540
30188
5074
74583
37156
27403
35281
14477
23614
34078
54673
77239
63689
37128
3918
45942
38886
5295
10447
51824
54119
75229
8556
58671
66536
68589
15839
31448
32186
49454
39808
74469
17815
46635
73201
15885
7944
33239
34373
2932
36315
9373
21633
40085
13501
8689
40079
30564
36893
67798
46743
36170
21697
74743
67492
6347
36173
80431
70738
5013
19469
33008
13497
49751
84803
80160
61767
78704
82369
1143
20734
42594
10015
41814
2025
74312
9211
25366
3822
74096
62468
9954
17077
20248
5592
23712
67330
44188
23494
16634
51778
52883
71548
8586
40182
57111
29543
42875
57653
73655
31052
1454
68479
83135
29542
78176
1886
59248
41320
67997
76702
28352
41634
54731
86973
55822
34519
30112
73278
39233
71188
19431
30301
52927
30410
87521
3310
22541
20946
60048
67787
86227
15255
41330
59262
9085
53644
60478
10913
4503
47994
43292
29507
14038
34428
53582
346
4454
10727
24996
76383
14758
77182
25765
63554
4914
60147
34081
4597
767
64870
3995
8242
63651
83812
49290
65469
26866
64724
50985
2155
59206
68618
50556
386
1451
24283
10943
86643
75218
40092
49648
14543
38521
75425
54457
53102
22994
23372
53593
34664
80488
32049
80867
27814
69089
81312
84530
29573
58651
44110
26339
17509
7644
23279
58530
74482
54937
28701
83696
83349
62961
4415
27204
53175
69899
33895
44726
77475
81707
71465
59406
14646
41025
65824
70353
20095
47367
37023
66216
50201
83479
56847
65045
37875
47217
71055
46023
33220
76701
68224
69587
78250
16666
78249
1494
18802
59898
61811
49589
32015
11204
12059
74113
45939
12513
30859
85628
77466
31431
55950
65149
67827
50594
7831
19363
26520
16725
36951
42620
14172
68061
56808
7296
56788
71896
36925
41464
59478
83728
31403
6745
85908
64062
86206
27641
50109
87517
36231
5969
55507
68532
44824
19602
67449
69093
67497
9121
5067
36954
70903
10984
52083
51806
56860
18156
58662
40386
27815
25289
64931
54971
30501
51169
78390
75678
64036
49686
5002
17406
78367
76979
40039
80504
55168
25093
77475
77669
10673
30162
82542
60129
42622
48642
31605
69074
15638
77891
17223
41835
71007
17244
49724
44531
53722
44892
21597
384
1737
66126
5651
66261
29760
31548
36861
65105
83551
76245
78074
1471
52900
60882
33288
34077
30448
562
3175
24899
36654
21839
24802
10912
19948
65920
2662
57659
9038
12500
73921
33561
35410
18708
10630
66186
72222
84028
82693
69580
3103
76322
963
68132
929
41850
60250
61964
40158
18595
9826
83933
53252
28390
75902
16584
61970
9075
45286
73829
13211
56701
24092
16064
50706
53496
65684
36248
42230
42550
52237
2440
87222
62815
71665
62227
8205
27570
18001
35132
54119
85738
7875
22106
53282
19805
2455
44483
12949
13206
6440
76816
53781
8084
28011
20809
9138
65472
37942
59737
13258
60822
39556
5801
22591
38147
9936
45697
14875
35514
30441
11514
26109
23612
70085
75760
59040
36384
38856
1936
40614
72135
2162
57149
64518
28746
40289
62771
54263
81654
6859
85888
41182
76927
59447
37087
71492
46496
38044
39262
21920
7036
64631
60385
1361
84370
15908
33589
18776
40021
52952
83236
76320
50978
65084
68353
59234
3786
47945
13009
11430
65465
74168
69344
22778
59091
53533
36577
68140
45719
20901
87948
59853
36963
48402
87466
20129
22954
1417
71786
36740
50899
52190
19098
40489
76387
68043
6427
52382
14263
82719
61918
11076
63532
10662
37916
66165
36510
63121
70292
58274
10480
36694
63234
60115
78020
71552
61139
57050
66453
49342
69080
16378
69507
50259
22604
57849
73110
68697
22787
84151
77789
10917
66705
9189
44193
16147
84940
21197
7048
3847
57133
77149
452
39187
13451
455
31318
2432
57811
6598
52660
77972
65272
21212
73496
7032
59971
70261
9022
7366
82604
33961
15745
82712
84093
24767
45522
21673
18435
39956
16157
85426
1641
74002
27286
25414
997
80191
35550
9742
77956
8359
20200
66053
3607
43669
80356
3128
22634
36111
30184
66839
62923
45452
83054
32329
53180
11863
50291
51291
29512
21824
87093
26077
52245
51564
15708
64838
66595
55568
21981
3482
69949
69626
67401
26716
74858
33570
21016
79324
16468
56543
63878
37648
68337
52954
33303
44774
21198
65983
69573
3880
38862
10742
79253
13777
70359
83356
30945
72847
37655
10701
40289
38268
45062
82235
35458
71984
18302
57302
73865
55792
36101
2106
85821
15233
17481
55261
86646
70389
11814
72344
32605
20932
37212
70760
36679
61665
48137
87156
2378
44610
165
50611
37178
44801
21921
46520
87845
4188
33247
33457
54184
27793
54736
72380
55712
65935
20122
56643
84628
73619
84871
37018
29585
69887
64574
79718
17126
21638
84212
46558
74386
73909
62940
18877
11464
65288
8303
23171
6907
6683
43996
9793
70192
7847
10193
1584
25553
70964
71250
77553
6505
41813
87874
49904
76295
70254
45523
3465
24133
85768
59067
20123
60921
45296
83480
78331
36763
81602
14939
13250
26105
42663
43526
50527
52399
74236
84146
50199
76505
35020
61695
43812
33738
16602
8580
38073
64492
66921
84269
18597
8502
73461
34649
62583
7874
23452
46579
36313
50019
84942
62212
71898
55738
13526
16732
76296
34951
60492
32271
57285
61078
17261
62433
76750
25336
82868
59579
12046
32060
29514
58861
27589
34101
68376
20304
85617
47830
61700
62921
84632
75138
46338
47015
62253
23417
46380
6056
61911
76461
33054
45042
50528
55580
76019
57184
49619
4821
68378
66060
16562
20507
67797
57522
25387
78587
24346
948
67096
3832
80228
47333
53782
57957
73168
36930
13880
37549
87771
22641
50510
23257
74473
77157
11268
59384
53345
63502
81526
23572
85111
51403
68167
46860
4
42516
74612
18573
85144
14194
2352
27310
25948
41762
48198
61144
44482
47528
5659
85322
87118
70169
66903
48349
56778
31578
10715
35955
41742
62887
67908
32397
70689
35849
83111
22051
18412
8615
20706
6507
5027
41806
52503
4101
19784
34216
10870
55462
80357
12967
50344
64089
43543
47981
49349
15270
1445
25459
83990
1855
50327
60392
54018
39851
64102
54081
87102
47564
47506
85489
23549
39988
55157
63856
55401
57962
65244
40284
61363
19344
53161
4679
60260
39874
1647
20010
6522
33403
3102
24991
10943
21546
85392
63890
9347
76787
84358
74794
47423
5719
60086
25579
80932
81562
46631
55771
42036
69454
24451
65108
80794
66267
64495
75325
23715
28781
58326
9675
43736
87877
26925
55460
67133
33149
49495
25031
60552
50089
22710
37679
57306
4652
72063
72258
24376
65090
17027
42500
40783
22148
62990
79109
7136
45490
28026
60167
60958
9030
85
12680
8798
4974
53205
19569
68144
27772
79584
14097
26328
64572
42453
72355
33745
48158
60136
63587
6920
66875
77730
63744
71611
71860
82542
66123
24425
80802
71730
67866
60349
48564
62171
48905
17731
15003
9952
87452
51956
33811
44936
72065
74464
57882
43285
27609
37695
80777
80261
29804
547
74455
72629
80671
52577
19879
15447
61533
39771
11759
81932
20801
65376
80633
28343
66580
28435
41418
84781
2171
53499
48143
59763
87471
40179
3538
53098
53704
87680
73019
85091
80228
33507
64402
12705
12022
16127
46860
62091
71105
64843
27502
68274
32210
77322
47774
85525
68169
11380
33937
10121
66288
35037
54920
75333
50388
82824
48407
67724
14704
41992
77047
37416
7381
14347
66795
48396
59604
69071
79621
26372
1688
40405
74658
3556
219
2987
66404
66356
51583
33868
2838
66284
10244
80352
28869
71573
5815
75174
79034
49326
45815
76930
15470
25235
41128
1136
63021
34329
87269
61972
81883
22325
67031
24380
1458
62247
41360
61291
50196
87699
75081
38806
34773
8521
53199
13905
24730
49210
40174
80594
41550
58074
33173
52348
62622
2454
10085
54839
77376
9874
63458
57016
74490
68565
8452
2155
51871
60680
85860
37233
54018
8670
31253
53786
46575
16192
64988
68807
55653
10901
44825
11381
11201
86938
8115
83139
22579
18115
3569
13182
11751
18626
64940
70549
41051
35313
71470
43087
73393
55293
58216
47297
44068
30718
54257
31302
56524
1465
15235
54091
5349
78561
4643
84065
50076
61037
85868
62910
18159
62489
44782
74838
42183
65514
70032
76375
31464
79463
64619
15145
56357
2063
63444
134
59718
56309
67317
24325
8714
35999
8233
1171
33904
78709
9137
974
82923
29847
47490
31292
87706
3403
63973
36191
28844
47450
51733
28455
46953
67114
14667
30250
58838
42223
25187
53251
71905
58695
24115
29636
47327
50987
884
54636
61982
71391
61727
54611
64662
11783
37580
12184
69204
27915
51412
83664
37676
38429
43373
4175
33913
48161
25533
63558
59696
61546
77064
22997
38686
27323
82921
64333
55820
49633
87067
6959
63357
68113
53681
5549
28445
47521
85759
11296
15717
77300
78344
46496
65926
24721
26561
40545
62309
30456
5564
40535
31134
4527
12182
28224
24399
38112
49122
7400
28479
84759
29756
37789
24545
38341
82701
73289
16118
19191
19887
48858
82222
66521
51422
86085
62809
18670
7924
42772
59159
62889
47934
5898
47448
5405
6068
15339
60479
9426
10570
84106
23486
14528
48183
26774
80037
44538
57226
55594
2898
12898
12737
77282
18871
61245
3056
29758
85273
26194
68571
82109
10086
13714
8728
70760
14616
4330
32751
82540
19236
71828
70333
77838
10507
56614
81339
75509
60707
65509
71997
57464
40857
26673
45090
48757
52381
30569
3562
42078
64279
27874
33126
40075
68433
19100
15173
78053
81199
5638
54313
81997
45051
60422
74199
55107
77018
49777
58779
68210
72551
55900
50777
56554
32773
39803
22621
87270
72149
2446
39600
64110
8434
35723
33170
85410
58235
72052
85694
67275
50208
48290
70257
21865
14477
62456
78414
43771
58649
82433
12533
21560
7897
19951
86545
33607
56564
26077
57364
28315
50935
45466
79638
26245
29948
57330
65071
2261
82865
87507
35
67999
32780
66175
29493
33828
44365
68445
58905
76859
40783
72021
23598
59211
68516
43571
60448
86190
47564
53732
74221
29929
29776
42634
29586
55526
28969
27869
54443
75311
63493
66392
54454
43481
56401
18743
10271
56419
24514
2581
2271
55771
76589
4156
73142
18595
81270
70771
50795
67825
68568
29161
49552
12685
21590
33462
12296
63899
20062
9609
10820
73233
10553
37558
12592
16075
30101
20525
10717
74641
22784
57774
32869
67167
12043
27199
27712
63200
50141
10697
11358
23120
45899
65978
25983
19410
70571
56477
11386
63752
48752
15755
51077
63989
38405
31296
22328
37737
2834
22457
2090
42909
29361
28290
6830
70794
14812
43038
50804
27281
73929
76792
40061
1440
57095
65291
11238
690
54937
81100
78844
16390
10604
16187
64230
45264
1898
55396
46595
18564
76551
36374
2805
13147
58204
66322
38463
69694
15951
65442
68139
73589
65576
65195
8698
48289
31783
51834
51047
84035
8538
17137
59551
40307
74893
19154
33247
4610
71216
86291
8545
67513
78595
43410
5504
85874
29980
64564
23412
16431
87664
55929
39043
59502
27762
20416
65694
43927
63726
74366
15475
68722
26012
6704
76151
42412
37238
49541
37620
32795
84944
39672
21631
5475
79879
7755
36255
25278
16677
4768
56138
31131
63321
12887
53181
23574
15548
25308
59295
66679
53357
68284
83687
66304
15851
10779
40700
31036
50020
56483
9778
61241
60341
76857
65450
75291
75345
67691
5997
24805
51810
63768
42463
1238
87804
57443
12176
7081
77085
51495
37488
24464
10591
75687
54149
17073
22656
9073
79131
20533
86528
18365
60570
3252
77630
62709
29620
59467
86756
16437
22955
9091
60760
9516
50742
19425
84866
4174
60639
4329
34545
71036
12236
61859
22991
18322
69704
8095
86253
11347
62056
48655
47020
28969
77929
67712
22374
45822
41307
56293
44429
78877
10562
20473
18488
13254
72467
15780
37846
86452
42707
1659
79694
11321
50051
87305
61163
13917
36881
75507
78174
49716
56463
70624
46987
31021
49884
44583
85402
83301
38763
8847
20988
70061
3341
18881
37697
43888
66029
35742
65141
81607
72569
22633
85330
85296
31168
5907
84052
67508
48566
20464
69208
43587
59337
34320
71141
64673
3520
68111
50264
73385
44144
70341
31091
32465
73892
83313
67637
40619
83091
66733
76734
14632
50942
68956
69969
29119
29970
4482
7647
69274
18749
47744
83866
17958
65370
84317
25175
42141
86447
852
33785
40325
42971
16083
50416
74490
67047
26797
86
67675
51817
31177
66513
56397
73078
78039
28962
39798
37232
55234
28991
26543
1560
25835
80914
10574
83015
18379
77312
39084
31037
8940
73413
57548
85793
62407
24557
4220
87446
18677
60560
18659
74782
49851
2477
84496
36452
41116
42572
31427
15410
2404
44444
71751
62438
64579
14359
82798
63133
12418
31786
33654
72363
76215
59997
78749
31299
26735
54462
40764
49650
12738
10701
69048
16235
54431
87038
49231
51456
42398
87027
78283
29206
72370
51430
58689
33762
53711
41515
11586
31464
76099
56412
50354
32884
20481
8215
50244
11917
15103
34171
37263
39894
82396
25421
24813
76721
73119
5541
8749
4366
8852
1376
78720
83562
8289
52124
77744
58905
62854
69101
39803
44663
64385
16263
65087
51272
28745
2869
23979
37477
11229
46408
15760
14251
76557
44421
82612
37088
37095
80198
9547
31890
36475
81584
67018
15940
30200
66219
74378
82570
60244
71425
33621
81843
80431
86633
45086
81649
63627
32865
32905
80244
24570
11063
49615
32725
43187
46784
69422
55114
15198
85665
17243
12343
62992
38023
45170
20141
33725
11941
73781
17438
198
15229
70369
24149
17966
81916
76916
78548
28806
54593
53461
65708
3442
48685
47430
73971
4999
31360
37893
5977
12573
29966
17778
54247
76466
64791
39906
4717
23343
57007
46917
45825
70081
4747
57882
12206
55773
360
36005
87828
66074
26751
23491
10181
16603
29838
70259
70708
36090
59095
65135
69562
43045
23973
67721
19004
10402
20689
57600
79552
55206
76485
12281
41653
51419
1405
23203
44243
32448
60254
4721
57831
80900
60334
30511
80374
77875
36372
84247
52770
48922
63651
76974
45561
26714
26647
237
4308
84674
58001
87092
74927
65937
17238
41563
42077
84606
4570
31136
69988
65117
14088
52089
74329
75971
65791
33502
41974
55167
17399
54625
40595
86189
72346
13359
69112
19298
79940
55556
12090
27312
68136
40639
74362
18089
41473
42246
49175
43381
80803
70012
6802
52548
85948
38781
32453
43853
59824
8109
14828
3939
10071
52378
81441
61797
37098
78135
16747
34411
52779
62247
51708
9185
40681
80073
85910
49611
79546
14334
80395
33567
49559
43568
24118
85451
3423
41210
42175
16661
27444
34120
40319
29433
4249
3328
76263
18981
44049
72015
53562
75816
71124
44600
29792
33466
51336
80641
41812
305
79332
15724
26665
20213
34269
44039
70282
34039
60672
14646
80863
52372
38160
9995
9084
39395
29697
46674
17875
68693
3117
7923
48142
70506
31754
3668
10822
15313
55979
9477
82446
16556
42544
69493
32047
12749
65027
82517
23118
28220
14071
2118
2428
72151
41628
8827
46809
84211
76287
48681
56964
53888
79471
32589
73810
56841
6516
39122
44336
9379
405
2618
15484
38677
31540
19812
67614
79905
53635
30068
79670
9473
14192
41357
37058
67956
9863
37980
56787
23013
69536
43921
67907
32887
25138
37668
5093
37906
12204
20335
24082
30849
16358
23277
83206
32932
73099
26820
20607
27049
24361
65429
65619
80519
52129
62836
6085
22726
81759
87046
22775
57572
49415
10927
27053
64762
85590
55476
47922
10585
218
71620
49194
37365
21847
35614
12071
3925
80468
16580
81109
52081
60570
51772
39312
81809
71080
49527
399
39064
3540
38729
64629
72064
42350
27688
35341
84550
72034
67578
51861
72139
70097
70995
13472
77998
31171
45825
43137
45053
54464
43791
48394
47663
59258
50833
7373
46025
46058
80815
29470
48838
35398
31119
81913
86263
23975
33509
23609
27878
7990
24807
17593
70535
34562
88000
55000
72603
9711
42556
81937
68381
7039
26121
60805
976
70329
7269
87236
41683
72038
47595
48924
69672
18223
9430
80391
26070
27036
50054
5043
30970
84445
83166
43600
42694
23106
50389
86307
73068
51053
34606
41259
69150
37282
11792
15556
63521
33862
32505
76675
71015
82059
82266
77850
30818
61643
83301
72093
72058
61685
32720
27991
86471
59703
73721
47757
61958
63122
3598
22190
50816
69817
42251
26520
71086
36677
73800
39660
81563
87603
29997
67160
28782
74008
19562
10624
64224
496
76403
76751
5585
72167
673
25198
42887
11497
29885
20496
42144
39788
10411
1750
50251
6607
86861
37408
39815
55200
55693
59677
29400
47925
41949
50648
54903
54924
74603
25738
70441
39491
58880
38706
28758
60223
65029
7506
86618
35966
64468
45699
2476
31922
20760
45069
10224
71410
34156
62957
53503
86310
86148
54035
4273
16027
66961
74300
37998
85429
22457
82443
82919
11726
24653
39355
55513
3588
48127
44723
82286
76967
37120
64146
9336
38396
62376
81359
80498
33544
26837
50421
78028
67250
42436
78690
3237
85916
2038
64872
63396
22235
57170
67926
23116
30833
84876
41565
64220
76482
70283
27194
77583
20040
27055
41738
55877
78445
57117
27200
24900
31943
16865
54758
79147
70769
19126
43841
8192
27921
81347
72289
71626
4224
64967
12947
43794
42954
82619
79284
49979
31261
24646
44782
42318
82152
45267
78837
35643
26850
43576
87697
82883
2309
56187
82842
12016
80464
85174
4038
84604
57309
3462
72740
15418
26077
531
35504
20604
14631
10920
15223
73402
72757
23792
13685
1926
80257
55241
76026
22152
56877
16492
35151
47277
78874
60695
45255
44426
85322
5508
31434
65591
66299
8544
5783
43432
1823
57566
51351
78388
56622
31741
85250
55211
44454
46157
42350
77331
12406
43704
86773
74829
8088
49628
66682
61448
65951
33175
13093
82520
41960
15392
83356
28167
34971
7034
14256
2224
36980
40713
47656
66828
55903
82758
61203
1466
84199
51374
17223
72141
56768
7291
31215
39566
80754
81813
56186
79819
37766
51573
18611
37811
85275
85569
665
73793
38248
17622
11097
67285
21441
38376
24135
14646
13543
19812
42249
18394
54723
38098
68988
52658
36395
87511
64280
86201
4246
77206
48589
7939
25485
20463
61577
71853
27344
52628
80233
79463
24853
47803
48086
38652
84118
54990
14614
60658
82068
73829
85481
38585
81173
60847
21464
16100
53094
11798
28419
29043
67037
48192
21132
44016
67663
84578
37472
41384
61585
61296
80260
51835
22410
66049
8543
4656
19895
40913
87866
37353
469
71266
72914
73671
60007
9066
49733
655
31071
18203
25537
20245
27216
8441
81279
52672
72337
1770
54583
55200
42022
13853
64060
28219
82396
73921
16690
27066
60893
27545
45723
14304
56301
37731
31976
44626
40525
11347
39291
10970
43890
80590
13352
2539
26187
56731
10853
38913
15873
86376
25539
23126
35597
70134
65399
22799
24701
28046
12775
82169
69174
21239
87189
86777
58256
81901
40116
83063
18420
85507
13613
84286
42706
17932
48273
8293
62458
2484
32569
74424
48345
41810
72950
3381
73291
60633
47355
76805
54751
19057
15047
38037
14595
2574
14795
79236
73759
83681
40947
7733
52647
5184
9938
28177
80885
67067
60985
46426
77035
70850
22619
67807
81181
1494
42582
81276
56177
10293
66734
24665
36611
82914
8348
14154
60757
57203
85130
63361
81742
65450
35758
42887
19094
7124
19578
56637
50242
86640
76407
76220
83732
58954
12108
64426
67120
71113
29452
79193
75621
1288
27148
5921
6531
14858
68663
39869
56116
54276
28435
33737
49118
82169
49393
29142
28229
75177
53023
22218
58405
58261
44970
55245
3247
29738
41249
32081
63565
83077
29641
2546
33442
68485
47317
2073
22719
31213
61296
38586
28464
61713
18211
49260
56869
77419
56340
58282
36551
1943
42543
860
13723
82456
19317
48948
13359
7508
51929
45541
3080
19678
44843
23611
85111
82590
18876
85207
68492
59326
5532
66328
47030
66789
29760
34853
80915
18168
17316
85562
31735
43388
24943
14058
15876
69380
51019
22333
28588
57703
67875
2217
62828
13594
30354
30912
62098
87419
76619
67035
75248
46575
74650
82216
1844
46921
44323
19373
29812
87708
65625
85188
86078
72254
27058
49191
40248
45314
42133
10578
13303
10392
4761
72139
31154
33535
39664
42061
66931
38337
61952
10665
8977
32888
8730
35599
63703
70026
69560
83527
6720
800
33860
12775
75448
44977
59022
86938
87729
23698
11168
8860
30855
8933
21607
80715
14508
70569
54971
57196
31482
49927
16484
36224
4307
66261
44392
28530
83820
45396
47218
14924
56678
80212
51906
34214
82408
8925
75577
51108
67211
12912
57090
76778
35303
67269
86720
64521
72541
73150
15614
39185
38418
16951
49526
4259
85072
14498
2907
56420
69362
931
34863
7575
29992
76228
41890
70010
75991
37997
81536
68800
72445
16055
58935
53867
11574
24389
544
3924
33642
20508
1304
25419
78736
3171
23421
87978
54779
63399
7761
66808
7356
32017
6143
70257
19186
57475
80020
1225
81152
41448
11837
22629
81411
44510
47781
58482
53802
16087
29675
19231
84661
82797
83327
30604
50320
81615
5063
53548
74799
43127
62318
37084
24246
46280
36872
6431
27821
25771
37474
20798
79926
83990
87800
75979
80536
28539
85780
73012
86555
46107
60765
11326
78766
74478
77274
75978
77235
23507
28889
57646
10990
11474
52996
41940
61554
9065
46969
71269
82805
87589
49319
69929
13674
3539
67829
5651
43428
57996
87782
86228
37130
33258
57133
47787
34445
56792
57569
50528
14347
32090
50725
46393
83442
30080
20054
64625
51950
57246
7208
53354
49186
1521
5536
51773
25217
24205
73124
15242
65442
24404
33324
10773
67099
22143
17256
23673
2200
20813
61917
54399
5781
87744
71094
78452
11266
87145
4733
29645
42948
29547
8730
18440
21842
62011
75104
26176
46581
87314
64724
16565
63474
4244
78292
9903
64968
67052
86020
33055
6330
9391
79267
33994
41932
54283
75260
28463
65963
28735
17585
14565
32095
37308
39140
64358
30576
24555
86096
70380
28405
75566
7318
73655
53920
33288
20093
77454
42692
85653
73865
29193
45880
30105
83059
59616
66510
53836
51940
30914
60901
42514
26958
75508
9894
76114
51597
16177
62046
15555
25433
73549
4996
85358
47188
56012
54828
21768
44052
51797
12139
59085
49262
55989
66339
74604
76497
4255
21900
69144
38204
23397
65328
62469
31985
31768
12148
35723
13010
83214
58921
6312
41382
8537
58946
66984
30914
23244
36969
51602
80807
78188
16207
7971
29663
70679
25302
4808
72084
82835
70161
82386
73679
5359
23470
83603
85484
15834
21244
75491
70995
6359
24111
81202
84996
33749
50486
18616
3872
87854
60447
65151
80213
34978
46660
47468
15869
79404
45512
13657
75667
53249
48238
9848
19889
16326
53828
80507
47367
43041
48502
24541
65426
45399
24178
31797
39482
72059
34078
49247
15012
12062
4834
2472
87304
85774
51600
13093
30353
70153
6463
52389
59916
34078
63144
8440
13918
58420
25662
85159
15837
84478
47750
12157
47872
49962
31643
48162
40666
23657
80705
34718
27496
68523
31980
79171
70753
46194
13948
23858
12356
1535
56467
16785
41561
21385
527
81618
27415
61841
37860
39939
13014
1951
41884
56800
33347
50026
2118
79723
65441
86132
6542
7827
76117
71981
76359
9068
53066
69393
23550
39630
61706
3085
931
26002
78975
23014
61541
47327
48870
87179
31893
8444
21908
75450
61920
47570
46777
55566
5182
19798
17780
73809
2113
71865
22414
22659
1382
65222
17388
42347
33672
5565
33419
36522
6810
60940
40008
9502
19945
41362
59185
14758
48125
85968
23258
67436
84493
22739
13312
1463
3273
46438
73467
84490
38302
34184
78971
56801
19948
11220
5025
40600
3406
71112
43588
52063
18789
44334
55357
16936
21252
79587
80862
31792
34697
71177
41933
31376
74600
11521
18088
83644
44335
44412
67837
36806
39710
51887
51803
85787
74069
32650
76617
26356
80229
83441
1781
72095
4391
84610
18088
27180
54335
64782
84174
19660
76785
50458
34639
8185
3745
45976
24254
20971
1773
67798
35110
70721
66847
39324
27435
6864
84178
48105
87582
57661
67784
81891
87508
84816
2159
5004
51212
49128
29042
45241
56653
70499
31407
62215
87345
6711
43362
59714
50296
30889
9428
6181
42818
82884
78210
7676
68805
29103
55913
32852
80159
15897
3900
72756
26731
27735
63936
9093
81412
53108
75134
72118
3788
73586
16268
68174
36947
45002
16611
57066
75008
2620
56776
53986
56402
61178
82173
6717
1069
13250
71836
74269
47757
21054
15974
26879
5209
77598
37898
89
25219
70387
2891
40700
82109
66439
24930
40383
65612
83349
15846
41405
61990
68430
30849
80337
45084
53866
32174
62061
2283
57281
33751
38378
55826
57649
68999
74781
40851
13603
67818
60775
28421
85878
19254
9917
54302
28247
86407
59586
78724
67296
20562
60756
6052
57773
36748
47617
21739
3799
22978
56430
35663
65461
22121
30243
56800
87712
24583
77996
47889
69488
34319
9447
15391
60115
82650
84847
26707
30619
22699
33011
3235
39589
82843
49073
37370
14445
74233
68090
33223
19507
81054
75361
48530
64590
33251
7168
75808
71798
75740
81497
1893
73217
23573
33758
67881
27446
23920
43555
50412
60622
73347
40125
24412
71608
43396
53849
85329
71679
73005
63442
78846
11924
30756
38697
15222
59334
58305
36805
54926
38022
59061
70185
21779
82991
28556
28750
45729
2845
64553
37410
22897
73769
63942
55841
7931
47267
46946
28588
13058
42452
74853
76292
62959
55689
86288
67319
59882
64665
7438
27194
65790
79761
10699
41813
48766
40236
83297
80934
21204
72501
75963
78107
63573
15079
38633
17880
40975
14800
22557
51126
79584
45647
32714
82896
46573
8896
82498
42107
81408
35944
853
82646
56793
5683
57882
36156
6904
66963
42050
63263
1631
8910
29761
26933
11493
44458
45478
27016
66124
29051
40201
86576
44827
50016
83435
55109
1919
72620
53289
85338
54526
67730
76860
31584
66566
25870
18755
81931
19100
51928
71524
706
32925
58453
17323
66719
24569
70539
66444
52952
61836
56298
34543
85909
1091
56099
85674
84483
69589
11202
46075
84079
51
56507
2571
30581
19462
61207
11912
53602
5422
71541
64356
20280
767
23176
1317
74843
14483
31344
50360
44180
32573
55682
39940
2100
48394
81725
69472
31073
70945
28265
84048
65589
62821
14548
59842
46944
38840
60328
46086
27178
74188
79160
26708
27474
23156
83142
27542
46186
76807
43179
41474
74010
68275
2853
297
3828
79594
78702
28775
35505
28113
1382
70125
43524
80505
19958
38893
68289
74352
65225
64769
40841
63539
40604
28814
62299
25440
59023
45594
22455
68697
78623
13085
6476
70666
73898
32886
4605
56676
57818
77480
51557
67727
84486
81530
38860
51093
789
86640
12174
77419
15998
21161
12155
41669
32541
52900
78259
74395
21968
15755
1546
23038
37963
36408
59881
86979
61397
65059
72261
83466
10905
18590
12380
18989
82282
71188
76185
32741
19819
25742
43982
1492
51989
75571
11847
77373
3397
59391
18915
62171
72900
165235
126394
101772
121534
139151
164861
136356
108146
142028
121763
169785
146997
143769
93499
97378
92892
105183
160183
129821
160683
160900
121343
105828
98797
132350
106329
106146
108141
146049
132466
98376
110581
159392
153513
100296
124339
165581
145179
118948
127895
126782
97018
124436
118901
154881
106778
101109
124181
141862
120818
113242
142920
145573
151599
123068
151267
107289
146696
146436
124705
121311
155103
139633
92911
117432
155368
101831
133201
121925
111850
89389
127134
122365
174617
117819
98446
91721
168644
116038
119846
125056
144882
141572
102231
152858
169816
129785
132216
120579
140658
102027
112067
169807
132847
131193
151295
89753
92865
138752
104698
171453
127249
124217
133158
162428
133034
154352
159277
138508
106281
138922
132943
96768
137031
132385
91660
145216
138544
129519
106527
102555
170773
172255
170551
110125
160862
126651
170222
141900
108161
104076
168668
141928
88647
95579
111181
174016
160208
131637
123100
100693
107017
158546
103495
167997
105684
88897
88885
97166
108613
107390
158774
154216
104393
128623
171030
149935
113284
100408
150379
159589
126441
94962
98252
111893
98730
99803
162346
172710
137618
98810
162838
152051
133216
170787
163657
92073
169366
109080
152681
169426
145410
144548
91564
158585
143994
175905
145924
117463
108048
134240
137912
112417
130319
114756
94630
149403
114226
142179
166325
143556
139861
101476
157983
165591
99434
143517
115138
160890
114514
89362
169325
99293
141832
152233
109352
171583
174955
139056
139215
121274
169456
152299
127474
104783
175592
141684
136640
101744
110661
171615
93133
146616
166629
119037
146547
115714
133180
168188
163901
171108
173102
110593
124038
115023
106410
100909
95660
242440
221182
196951
212009
209509
246903
229816
210704
223595
255259
185676
253562
195463
245212
187034
197125
201546
211580
196062
236185
245201
246904
186954
245772
191021
214467
189008
198505
263355
204045
209520
187881
190169
195200
198593
215897
183191
206489
199600
202629
210314
245135
232811
191953
225072
245384
208344
247097
243912
233936
218173
232028
242963
178883
181677
218002
236633
217381
214921
257002
248671
239722
243457
235510
250468
245981
241093
247143
252649
181740
220514
190056
237358
190356
225923
178655
182341
200130
247059
249823
248792
219634
243206
194738
192092
257643
181663
197707
214506
203484
249676
227696
239729
226803
191121
194498
259589
199527
242044
255793
204361
178885
249527
248342
217913
196565
220919
204889
216619
180039
256043
257627
346548
327711
343911
318489
296493
342821
294520
307364
290543
264508
312535
322414
264216
297937
270402
293188
318954
330624
300736
293349
313070
298011
295216
318354
273481
350753
332454
331535
272400
307224
298153
273131
266632
330718
270468
311918
294928
312598
330193
291029
290195
337200
324641
321352
335711
301006
267473
292274
358087
379497
392588
415945
437976
389127
426544
413112
369054
434378
392757
410931
378812
429777
354771
432726
376062
387752
398006
401919
422635
439990
384939
424698
413603
410014
413933
419154
366732
416835
371072
366161
355641
361633
413925
393868
369553
439539
421623
354101
431308
416366
428900
434144
360535
427528
399642
363040
377776
424974
376488
406113
405487
365943
435686
392749
420724
392274
386758
399130
356280
377439
438742
412281
372378
357165
404864
422738
392704
362552
352967
380803
403295
388784
391423
381247
412753
377044
416729
384161
467946
489304
445508
487055
454274
471902
508509
490075
494804
445868
507572
497509
458307
450236
465630
513029
477636
498825
501199
464432
450670
456362
527534
514548
498552
472742
449878
482448
453048
479108
501935
441852
479316
453796
475787
503280
500928
464501
456772
479888
489303
469452
502258
465873
441253
504553
485752
526967
491427
450446
441386
462087
461884
491261
494539
523652
447665
523533
460618
509032
452397
494313
476206
447638
589205
540145
557337
602586
544655
530937
585944
610771
579959
588286
572536
536963
536961
575481
564900
587008
571043
544839
591909
586789
548099
610975
598743
578016
612185
535684
593937
547382
530162
606233
611202
555683
671635
677890
618789
671830
665892
674502
650951
645265
758595
731565
716555
735103
718151
767842
736790
749891
848186
827520
815715
857745
870062
805707
842800
802859
880233
920580
910063
903438
963084
946423
938109
915729
889806
905674
913383
896171
967443
882731
957051
955712
1032563
1023800
993103
992719
1023555
975429
980909
1009739
1052314
1028097
992636
969979
1047304
991453
1034270
977987
1019048
1043698
985346
1039949
1017670
1016784
1029127
1031908
978158
986558
982705
1007734
1009115
970190
1039068
985574
969280
1004315
982403
1018638
992896
1017048
968634
1009640
987338
1019685
1044553
1006183
981824
1005377
1026398
1004549
983583
985177
989226
1004800
1023859
1024820
1040810
981436
1001996
1007200
999682
993823
1009784
990428
1018986
1021732
985188
1048171
1022841
1020328
994353
1028981
981525
1046971
999953
1010227
1024560
1013471
1034160
1006663
1016773
1001990
1169682
1152910
1147242
1219046
1160530
1170775
1219839
1203341
1303339
1265769
1318315
1307970
1282699
1295684
1277714
1296966
1365591
1365029
1399979
1393090
1404388
1351930
1386447
1404390
1355922
1340333
1383073
1330393
1379095
1378674
1322578
1393493
1470409
1430917
1469379
1492050
1414602
1441041
1477397
1420513
1562257
1501920
1509774
1519105
1573862
1529768
1519665
1537137
1628638
1593872
1659204
1611858
1622774
1671178
1598595
1669370
1744996
1732895
1674413
1696110
1741748
1737936
1691268
1711375
1707797
1696430
1716282
1735196
1745700
1713064
1726478
1745421
1755269
1699312
1740708
1697153
1703398
1730148
1711280
1705215
1837307
1799916
1773233
1789097
1763884
1810985
1775906
1775921
1908688
1896354
1919510
1881731
1894235
1928920
1898870
1918243
1969974
1964693
1979215
1955597
2012370
1949766
1996220
1976811
2022667
1948758
1963523
1939503
2009952
1990893
2015793
1948723
2046339
2029744
2059250
2083068
2101824
2104045
2029602
2099599
2189553
2188443
2177337
2141728
2190322
2121708
2192503
2182868
2498671
2470019
2524107
2513563
2470287
2478878
2473593
2546217
2562453
2602529
2558455
2588841
2610321
2606660
2566361
2566291
2588964
2625243
2616930
2614743
2613257
2606438
2636669
2574872
2616804
2590559
2561865
2574833
2555792
2619508
2611817
2602573
2711062
2662086
2673550
2682221
2704809
2716108
2667900
2651480
2730176
2808302
2812631
2775616
2779521
2778569
2734308
2804216
2753928
2807685
2795585
2805204
2734061
2734722
2808303
2736182
2874626
2847764
2822606
2823356
2842875
2838871
2891331
2847925
2877529
2842551
2891812
2896821
2819441
2858098
2841192
2826466
2983666
2933590
2986809
2907320
2944895
2958950
2990793
2959480
2988494
2944120
2931546
2947254
2917531
2948411
2950202
2978969
2936302
2935939
2958143
2950525
2964615
2967665
2957020
2968456
3075454
3058890
3060613
2995338
3068966
3043313
3075702
3002865
3013684
3044556
2996761
3021220
3039186
3039419
3063337
3044126
3197312
3183608
3205054
3234594
3193429
3185560
3253968
3230511
3308442
3321669
3291422
3287895
3293066
3325447
3285970
3280006
3401370
3409362
3402394
3386174
3383502
3414511
3365979
3363727
3486380
3499955
3476912
3487179
3450303
3469979
3505489
3519298
3618555
3664782
3637749
3639565
3664269
3659295
3691748
3621090
3919084
3954928
3922267
3903411
3932504
3922806
3890188
3875496
4084951
4092079
4128337
4094860
4124596
4095466
4053299
4102444
4120115
4099363
4130995
4074973
4062802
4077209
4087589
4070562
4902259
4911012
4844126
4851875
4898383
4903667
4909799
4905006
5003505
5013741
4944648
4972197
4951188
4952766
5009678
4999842
5311693
5307670
5347285
5336302
5300992
5281004
5350678
5330797
5621581
5593527
5557989
5607074
5594074
5623769
5553212
5567348
5831159
5887643
5848705
5851477
5823616
5812208
5882979
5858258
5925761
5902981
5979782
5938062
5917848
5954152
5944312
5935202
6038921
6052915
6034950
6051944
6022785
5989633
6012585
6055042
6565196
6577980
6597545
6543674
6579304
6558795
6552736
6526429
6872902
6947686
6931079
6947296
6903578
6929040
6948594
6867273
8244050
8245004
8186377
8233017
8238488
8267568
8256049
8258911
8283969
8307442
8324016
8357306
8285623
8342905
8336396
8295833
8782422
8758114
8767628
8777682
8755173
8774513
8789768
8717872