39605
80938
65443
67551
6119
5551
54517
60613
41303
34724
23370
19317
53143
53263
74856
21031
53334
52834
10022
11789
7516
55999
16182
57408
59267
8593
34857
52309
33539
13620
12948
77643
51675
26547
56757
59251
55616
35355
36019
25501
73684
47503
84454
26888
29643
70913
62697
8296
55511
13675
68755
33046
40545
31462
59854
14370
3708
46170
32260
67044
49127
54402
85258
35958
41699
55202
71890
7325
51037
16551
79054
61871
38943
51024
44516
9023
38106
73611
84102
75028
65035
71054
78463
18416
61109
56841
45987
46321
22936
6787
33675
62079
38143
40708
25785
10932
82062
29443
12133
75509
77907
8333
17585
68359
34368
25899
68712
34267
5722
27178
19344
1709
75922
33431
39226
86482
71129
79304
44329
21660
67455
82748
6172
23935
53452
75977
59778
13226
53679
2253
85911
26765
15484
7114
52330
51287
44764
20500
60991
45130
32413
45374
47613
82713
17712
36588
78890
32727
36123
62228
74854
2962
85109
67047
83163
46798
43235
22875
77897
47923
18213
15893
69590
66288
86579
79990
30894
21265
14690
12262
50643
17340
52734
42271
65831
25491
85814
60374
77395
3061
7291
64183
40947
81435
40610
56165
1824
79556
29982
42762
60481
79490
23812
9514
18038
62138
12759
71154
29589
519
77184
54301
40534
55147
13150
7955
73656
67863
24640
31794
80689
45839
17423
18817
76573
54606
59300
29256
20935
34666
46524
4714
49026
66343
35449
63057
55986
35590
25956
60579
34616
81900
26992
69823
82321
63302
76666
82429
14492
38134
40579
68655
76335
16361
16694
27975
41320
84476
17780
1336
62681
61885
2139
9206
79572
43845
47590
54462
48762
76234
17525
50750
60371
81089
82105
943
19136
15792
15253
3418
40381
8455
33843
62819
82662
3963
48639
61378
26700
46169
80783
9303
67628
8018
40444
36286
63304
30813
38968
60085
65778
45352
81514
22077
64805
17096
72179
39091
77645
7739
30408
36918
73417
25510
46961
34168
13366
85046
69443
21357
83273
51133
33358
45012
38785
33701
15883
9047
78916
36659
81502
25095
13411
69480
36366
30912
57083
20520
6971
78422
83928
56016
5318
76672
83150
57839
52717
81053
887
50701
19622
33967
82015
78822
1135
14051
45546
48576
81988
69157
34358
73674
36389
47404
82020
24732
57929
20710
1824
26621
76189
42959
76185
21950
66064
44143
312
11776
32569
81124
47953
65282
47906
63679
42195
57430
67872
87186
20001
6548
9449
21992
24327
51642
27677
53254
4888
71051
75474
45929
36087
24593
86484
82251
49610
44964
6611
65792
57593
64973
1438
82821
41519
36627
70299
22714
24850
76874
82872
913
13454
59629
46172
77801
17172
57688
31873
32287
47667
58590
57906
2480
15991
46691
7009
11413
31211
48658
5872
87359
45453
77584
9868
14097
78172
45215
61775
2109
1996
30704
11632
17230
32250
22629
66869
20749
40502
80759
21331
17467
40011
15938
42219
56845
37519
53302
9971
49342
891
19230
60018
87799
9780
28188
23354
15360
78245
46088
36619
58865
80824
1044
85140
1511
31614
4811
64817
75922
37707
26095
59286
49867
640
78778
15617
6689
44706
32747
25524
51320
62159
32226
4760
83509
76584
49278
33830
45425
58312
14878
16647
63202
18386
84656
64871
62008
46066
31306
86774
70133
2625
58666
58453
9565
34527
28699
45703
18905
56567
55925
62266
11956
16701
40830
49656
78331
43317
78142
58313
46785
31725
36329
87586
48839
5166
53545
35621
5714
52782
66587
44107
49181
4096
85424
7776
64757
38011
59578
52564
10240
18763
27492
76711
75830
48493
80320
62491
29709
46205
14606
65267
13081
22634
8560
3073
17821
76021
37384
60306
51898
49482
78385
17786
12677
32464
51442
76353
26659
76117
86799
86016
10753
54421
17576
49275
14520
16674
19684
36016
21648
45075
26297
47909
26073
66977
28684
64859
53957
84807
5878
85594
62545
56614
12272
40880
52498
25495
62092
13344
87428
28954
50484
50080
70238
17218
69248
40603
27710
41205
76378
24600
38045
22369
37513
87357
79282
52006
18233
6624
78849
22438
87070
37730
69248
60491
75951
84694
8065
78744
67870
21400
28322
15520
64532
2496
3663
41504
39843
21970
63618
4508
51894
85370
28540
26923
19134
68580
13077
35389
30295
39691
17241
41844
23695
61108
1767
34391
13977
63131
10200
13595
65121
40504
61533
60380
12816
69101
65017
30586
17272
16986
48218
74169
12991
51063
52820
42251
83850
14570
19466
87374
78294
65124
71249
72098
85534
2171
49580
14859
77688
71108
58943
12262
37954
68841
23473
61381
2822
74413
7073
61592
74473
8274
44862
73289
38699
72364
85662
16018
23308
49610
7793
45154
52139
32383
58849
8154
70105
29570
37896
74051
59285
74089
86789
31036
15075
66850
77798
22745
30273
49848
60884
26699
84569
64184
66268
23025
39232
66480
43588
81372
57963
16430
87963
78136
26644
41021
2044
50714
26722
41923
46578
71304
23195
8042
18514
20629
27229
23248
12539
43170
83334
44711
56521
83915
19634
61469
13250
58695
17069
6492
6166
10491
14604
8101
12447
85734
649
43755
20661
36706
58017
70485
26624
18467
52027
85828
61289
66619
39364
30170
46894
36856
41633
11345
65087
48579
36122
26557
4789
36718
47647
69766
55180
47190
11767
19416
22591
36834
37738
51058
14137
9691
87129
55096
38682
12125
38721
10633
9569
10668
57485
3110
58467
74659
48620
38099
38291
53720
5782
4635
34038
35916
9189
41322
26740
81858
32093
12939
76196
76719
40069
35366
83126
4309
33805
22468
54033
75889
915
15901
17202
48702
14270
42559
77010
15033
5814
46019
83592
23089
87069
44991
9829
72654
54922
14578
32692
13685
57057
77685
79887
32864
43640
46737
53038
5934
7450
47276
15067
25583
44526
79243
83215
6445
45394
20270
34509
84946
48417
17550
25578
40386
13136
67646
38924
49177
76344
26051
75889
66706
17446
57072
24578
63499
29013
78703
5605
22336
69191
21355
1977
24231
34221
41540
72513
34481
24257
83831
83362
32319
22275
77293
36258
45099
81162
42634
54426
37298
3669
28570
7599
78517
29292
9909
78889
3753
10571
26095
60796
52864
4582
71636
25303
40453
72081
41236
75792
19721
54006
5461
13249
20759
82652
39944
76820
35944
65149
32322
22379
26717
24158
11837
82106
79533
63521
56156
47977
18305
74239
13035
17764
31536
55726
87728
23935
58441
14643
2256
3446
8003
40699
11097
41394
21661
59732
69037
29644
15483
74547
85185
26664
41477
23101
54550
15981
46702
258
27111
68591
3817
71051
36526
46802
80994
52073
73557
50620
54645
35831
57796
71043
7343
21161
41676
31242
58467
61580
37893
75179
41088
14451
2871
19571
23031
51449
47820
87608
7963
12010
37176
60392
5818
82439
23036
7599
10843
37114
72240
39410
9053
45278
59771
6541
13470
43827
47363
20064
66260
25126
75629
3631
40121
34199
76031
65336
44956
28938
43354
12538
61544
83035
52976
73709
65717
31432
5841
52485
54559
8681
66287
37481
902
8308
84595
66692
25724
58601
69437
33333
17927
71286
15074
46334
62800
7559
28783
56375
31670
46144
52610
45256
43081
87678
59258
24033
10273
79346
1575
22724
38867
76523
61552
22242
58450
32260
27300
74850
60663
24355
70087
63503
83023
78121
38874
73957
11169
47988
12044
1672
48027
24615
1533
49355
43122
55301
82972
82806
71981
60747
84069
194
9915
26337
17002
69392
40151
69334
32375
70213
60662
10066
54225
76063
80178
55584
9797
70602
10349
44213
4277
39298
38969
52837
1193
18444
4731
72128
34705
7631
67099
59995
63285
13484
82924
19033
2286
50853
45446
64560
70033
76895
45868
1029
51122
81825
69136
11677
7690
80377
42466
35144
38755
2969
16502
84982
44075
78940
60144
411
9239
12852
23234
24207
12287
39297
66995
33283
11988
21509
37926
48003
62654
26802
30842
40812
51780
87174
48786
11192
58799
59127
85625
10501
55839
19718
28308
56539
4807
35451
17109
57659
34569
44382
22162
65904
82945
19703
82480
85354
48330
76455
3438
1647
47479
78705
42190
65660
75688
40612
47875
48169
10565
25389
62463
2084
55023
28673
44015
38331
61211
14918
43259
81929
49447
33038
55813
35813
77902
20168
28408
59514
66201
64417
61686
57376
1115
36638
68080
60303
19425
72515
24332
15654
27112
75875
23882
58370
54317
29243
39640
72620
76004
66014
38127
5718
75122
50141
61680
80927
86161
34387
34483
38672
52058
12402
33378
24420
75885
78199
3228
36614
69646
4057
151
2028
66917
78542
24707
62156
58075
49683
43941
13356
52983
4218
82275
74187
25763
26160
26372
16118
64790
61309
55937
86237
61392
8848
37413
71826
6621
44999
6070
41389
84341
29364
67679
75959
8696
22415
13450
4696
20310
67987
2957
83065
14439
52975
45073
52629
44414
70003
43562
48065
80474
20749
60596
81464
53545
39946
73064
833
11238
71436
81453
3546
23089
58246
20409
85393
45850
44982
13518
15551
69495
37717
39547
23458
7329
15903
66398
85369
6112
61486
38192
26052
79459
16398
86484
66927
3670
33962
68446
69840
67994
87525
13925
81457
27059
83931
58077
8115
23398
64968
24712
6212
69019
39036
22287
11136
62918
20240
16710
55772
65831
85902
61623
67311
18087
15264
35341
14817
6985
50991
55742
77178
55160
23808
51058
75911
31050
81797
36787
63162
24207
48435
76775
10286
33787
24975
1089
14798
57201
65605
12369
77403
72676
68526
85207
57058
70365
68022
24111
58483
85786
894
49596
47535
80847
4784
66656
3846
35064
37455
79479
87090
58565
31581
87547
67987
15300
69102
19507
59911
67719
52094
18
63379
48645
29265
69503
74467
83969
24319
70089
7437
18679
5237
63908
58111
21305
19459
67353
61395
43019
73465
62855
87694
92
65378
7683
42028
41428
44075
73751
53081
31552
13443
30273
42526
63599
37228
78284
75341
46951
80211
30769
62004
74038
47177
36728
21902
54861
19001
41281
10019
46435
5776
62514
34601
10866
18063
28133
5987
3665
59736
16221
20003
17924
55100
15407
40244
51293
77002
80644
8952
16297
58289
56790
33464
14920
46352
35872
9670
20890
12526
20345
46974
21119
65482
81002
15930
38695
18822
17692
82426
73778
85963
9801
55142
61647
15726
2295
39803
78560
6077
65048
25489
53609
38247
34748
64923
73363
15885
77792
5504
80754
79189
65306
4496
43533
69549
50018
67338
50920
59601
2874
43532
34201
75749
13499
54350
41394
41564
46335
34559
14598
11883
47287
68904
28080
73705
68844
11233
8183
6688
31509
54947
75916
74913
33603
36911
11487
66096
35742
424
48365
33018
40088
40213
72958
38803
27760
35833
55318
79125
896
34725
51911
59651
964
67853
9401
34774
76493
34569
39929
15796
32492
39251
17262
18252
29742
6146
44595
73066
15443
5565
32021
24138
18802
42405
8843
74354
12716
18094
37128
33830
58289
39885
57352
20624
18088
24968
87471
41243
66056
76343
80313
70434
23436
26458
65173
84424
45183
86897
11491
35196
43625
22371
57388
10885
42448
11203
52694
27626
82994
41772
30285
13420
77762
51588
45263
3395
56229
45854
49373
19239
27263
140
60640
79906
33608
44815
33798
72089
45854
82819
32064
9490
33234
65715
44238
82323
36325
35636
12442
15853
45774
17245
1969
69663
58430
62978
53608
37074
61321
18128
24290
68106
10857
447
51600
49214
62624
15948
74074
72165
58985
7958
82948
59291
72632
37820
65097
71209
7018
81302
51013
49248
22235
22216
2902
24760
66515
1630
61357
77235
83804
64916
85370
57474
51634
87787
79286
47215
12374
27293
83321
12925
9170
47662
59517
62795
64216
33977
70924
19571
2768
58013
49752
18683
18446
46176
87433
85377
49186
68875
78547
37736
36025
57202
80895
72067
45248
12827
81451
36387
59574
78216
62531
68264
60368
67504
87264
85511
2354
50761
18308
22677
54218
19149
58921
66427
24333
47221
53637
75789
24013
11993
45122
24254
79593
78723
81207
30820
12855
4672
7271
78533
73231
61877
57173
60532
28691
66960
18836
15434
38904
82393
46474
849
14190
14216
25614
5276
44339
67466
45929
6377
24640
39603
74689
20596
24158
21261
59660
26418
34146
76019
8387
37650
31309
12202
48774
48477
31834
73879
36769
81921
78399
65267
57974
67403
77619
66107
31706
52306
73236
86065
59307
56906
52754
13615
38753
48388
66947
63406
584
53238
21273
70246
51635
60510
56955
63850
35180
22383
45452
20131
2686
58350
52574
61470
54704
1155
81794
64313
74311
52085
38140
57448
45493
71358
48929
16358
56132
6903
76666
71565
72263
22487
52757
39019
39545
20102
83450
78464
5925
77279
17503
73974
18770
20532
17700
43276
25113
86815
85672
16125
84067
33354
81329
87227
11357
27378
60128
12584
57188
16494
6696
14917
3018
74674
50517
81993
10395
56505
73434
86734
83631
62274
83664
87544
7761
33455
12357
18587
80298
39711
30655
67631
38549
87336
74482
64098
70854
52790
61099
40930
51328
40539
13237
47282
67324
53408
43323
80447
41626
10523
14465
1533
9640
61347
15266
13665
76858
6770
77124
83852
29451
21607
66807
67354
65132
7176
41816
28176
22681
5837
20901
82785
78030
40396
50112
19410
51196
76086
70226
10451
36241
77252
55272
4690
81226
80533
17385
39690
71683
24260
39791
4846
83966
32616
74341
37225
39077
38742
80014
83706
646
82080
50767
10408
79571
87005
46571
21440
43877
62453
39178
37823
78282
51154
80167
14055
69427
66984
27944
55551
86563
87603
6512
68986
84947
42922
49619
65960
15740
20796
73827
84352
65602
69763
34163
69403
62126
35704
26081
44017
79670
85939
43800
14737
20623
75650
34800
82517
38337
56152
4140
7271
32741
16007
70027
80569
27236
58191
13927
81606
55250
61281
30862
79066
35572
75027
29484
48428
69334
81260
48311
63666
76606
64815
34531
86175
34098
84402
56866
22632
41134
17552
12289
79595
7188
66115
80871
53421
61130
16229
26766
35221
75889
19993
67784
20681
18526
86318
43920
3469
65815
59562
78099
43717
1901
66045
79326
39238
42107
32672
59965
40204
32266
80760
57439
87608
18659
21268
4915
29362
41361
69466
60566
75909
32074
67441
16299
40543
76854
6243
33086
22379
52757
2330
69866
61745
33751
34461
16094
86016
49814
46432
80980
75979
45577
43414
65600
50935
39439
48822
48067
50249
72684
63882
60177
85554
65298
53158
78530
26559
22227
44069
57275
85068
69372
24508
33547
10242
43866
14609
15771
36550
19905
70977
27444
43962
6076
3235
15425
666
3612
4807
31446
10953
6746
72200
5794
72412
62217
45895
15262
65556
70828
28046
71794
69003
82901
34871
29335
53039
39066
10846
40229
72688
23018
4102
81209
29095
42265
7757
40185
32670
43465
27594
83
49322
20261
5515
35002
50917
50712
76026
34128
74751
7639
36756
52964
41226
79132
54760
49246
46347
12682
16772
51296
40
86985
52892
1059
57464
23512
79987
71945
17869
40170
22067
86920
53826
53407
28675
14984
76026
28865
5906
34232
60740
71035
45020
34022
30669
17065
11515
49711
53552
3155
52146
35170
31567
22807
64319
10111
47646
13390
69684
29645
31705
51500
51766
46133
64678
8550
46030
82245
47744
33079
27234
73836
22685
9275
28612
61354
54549
7736
46036
38038
86488
24608
34772
68703
82835
15628
77519
84836
22508
35338
17205
60595
23351
37606
72725
19990
55963
64299
29534
8359
35974
10583
8309
42294
87105
81802
14998
26544
59019
7628
34097
62421
29916
6262
58738
81852
12189
52774
59319
63362
41940
84987
50443
75659
80779
763
55763
86284
41339
44755
40913
49393
1172
31882
6820
49414
17528
78805
3807
46087
77468
57242
87283
38607
1298
78065
40033
53456
36605
73027
82343
29892
37099
61644
86162
49981
76184
33189
46540
6389
49086
63613
20045
50923
11034
2716
46994
14842
60480
74840
12748
4580
30997
47179
46298
69713
67804
14292
45748
77087
46824
40605
59230
29414
52898
84782
69076
46400
5693
4374
38959
59745
51524
74718
11237
31544
51295
65285
56343
38266
23516
17697
73372
25683
41287
55758
48520
84325
35066
31596
70365
71247
6147
65879
6635
17956
22733
73908
50884
64125
26366
25624
33810
5085
59329
30031
23608
28408
66931
11172
2524
71287
23322
4545
10553
84984
41761
29679
26694
81013
51807
40098
71882
6035
61122
55974
14522
21895
41421
21207
58018
48871
21736
39626
74007
38261
79756
62463
47368
18432
86840
86572
54864
43116
20390
66338
5109
28219
44375
54854
47419
82115
23368
18284
4609
14110
83720
55866
8883
62798
57441
13664
25800
26499
70455
77109
28916
87721
24290
51364
53115
19064
16676
17749
17917
50360
73974
69144
82514
46580
66229
63928
29120
49301
49462
58548
79331
74911
39428
58675
5006
70881
36478
30259
11655
66222
9576
71347
30957
84174
53034
22
60117
43201
2573
86947
3645
48817
12756
19521
44223
82025
50805
9293
28094
63756
75191
18713
85413
84916
37386
10394
80660
11801
10894
47986
64713
60856
71362
32448
40478
31049
82148
19892
59473
26307
20011
16360
19427
68841
17120
40237
81079
14160
30868
45065
35602
2861
83079
21042
72510
3167
41296
37602
73793
23331
79165
3280
43290
80149
85315
64880
53228
62227
36912
47359
74804
50525
81687
1001
45325
26599
8903
47418
11418
23586
18780
52544
59059
9797
38296
70855
5261
86812
48452
48263
33840
84522
87683
72223
48919
40456
62422
933
38750
18077
62894
70194
29863
14815
15369
1944
66262
37296
31453
6972
6634
36444
33370
84097
83470
20060
40187
32777
36851
26865
29547
36541
73189
42308
39746
32341
78349
5065
79713
11437
75698
19761
83340
70950
63868
34782
50422
57688
46655
32542
35685
78397
53752
5712
72895
75383
63346
87367
41113
30142
21535
53664
79936
51207
10571
29754
61289
74570
11547
47491
29597
28369
79670
23021
50212
37983
82498
53803
64854
31331
13041
79464
75163
19833
57088
32413
43935
62407
34663
11219
58178
87372
8119
27459
86034
42349
63932
64750
48332
42086
31985
41777
51664
62939
47743
58128
84938
15392
71433
64607
32587
56445
33471
67289
78937
77357
26373
17670
78328
71366
48630
4299
23516
43712
60732
44338
24783
61090
75476
640
86639
62519
57227
77676
19423
64278
47134
2293
59409
48831
83022
60608
26009
55730
36912
17280
68745
3659
45685
42120
78770
8129
85998
7517
61990
71956
24451
84448
41859
83644
26372
16292
26430
60859
63262
76132
83492
8021
46037
34272
66070
56546
2306
65426
4186
33922
57302
19904
16744
46811
66110
76596
73080
3358
80870
2620
5345
13316
58899
2692
78393
80778
62647
376
34270
14421
11211
85704
82906
78995
76964
41326
69078
56627
33913
65043
37350
86803
38840
15198
56299
41637
39879
56824
73247
33755
75959
58630
72503
86539
34864
69670
12671
67916
70741
45760
65755
15096
55092
33502
1264
23094
59867
18222
45158
32188
25938
46124
71304
11848
79034
41430
11060
47648
35831
67142
64453
55721
84761
16924
19323
13340
42292
86219
15317
78237
20967
17002
21436
43303
31724
50744
77316
59594
16063
28813
30076
80456
78366
79909
81986
68706
15535
16372
29127
66461
33772
72432
16929
466
62006
30770
47588
9595
82346
40367
74952
20657
23771
78563
54357
2661
7807
31191
82078
25581
27720
80394
85642
51693
37436
79457
1892
84537
38760
83632
87752
34024
40397
5143
8681
17320
43505
74394
28324
85058
22955
6273
32188
64781
33525
52546
16917
53714
3257
53280
21479
41071
35275
48849
7145
45239
41940
67128
66565
10759
31637
80142
16164
46246
3414
43249
38836
28459
70865
74032
81849
71400
52031
79439
78316
26785
85455
52241
82634
35853
42242
61887
71685
28544
40540
41715
22020
33265
4274
2021
33630
10856
68277
18716
26368
7870
12195
56788
4128
22647
55563
84899
65275
72360
13067
63524
82794
17303
52185
40135
79090
14322
20079
87725
56967
84608
72700
50236
16216
81812
52353
49543
84092
38711
65483
64815
45625
45650
87585
8002
6761
14695
80823
25134
40696
81868
54080
86868
4339
18050
56603
2946
63982
53704
38493
14728
18334
8187
56046
59889
55991
39105
74245
57665
71037
64178
5763
20434
58682
18173
3451
3097
54889
53805
49058
58465
46287
12946
20164
2796
57180
75096
48862
35861
77672
54327
676
53206
87235
640
48695
53331
27635
947
5610
84477
23735
648
5580
27850
24472
41473
84211
57844
20767
66592
46046
72415
74974
61565
31683
35760
68017
65243
27771
15020
9579
7397
760
31966
32714
33986
82104
8358
23403
23918
73179
13391
81454
68947
21813
277
16065
75851
29057
58576
11321
8606
81794
23574
21242
68967
69558
21632
33748
44780
31652
57477
36415
31563
57560
78446
37465
4633
31739
82367
13971
2841
81709
75589
77764
65111
67054
46239
28199
51131
9237
70394
74188
81321
87803
37662
29132
64495
8539
30282
17600
14002
14045
74727
60907
54676
79362
54995
38516
85593
3374
44970
9452
24841
5537
45396
62370
15481
70802
47952
5075
27622
22772
77330
33740
36203
2091
52098
61436
72679
19284
4770
1664
83679
76035
51758
31105
55946
60013
78109
35453
63233
48673
67531
68756
36815
21463
21929
35293
67966
76831
38878
76184
10247
85441
68178
54912
20130
21220
30708
2906
261
50437
28194
28279
24688
81365
39205
57771
62776
81694
44851
41830
39205
20645
55192
80911
74617
69505
62452
47120
15657
77316
33971
19145
9755
68970
78260
77162
27541
59679
86257
1981
63806
74500
27832
5365
24531
50229
75855
9395
5735
66410
2006
9206
5771
61408
75397
35576
35746
3424
24146
39141
2656
46853
29905
30508
9491
48144
68731
68308
63086
86465
87699
75178
87604
32996
43969
65271
2888
13639
56593
17631
64257
32911
39938
51057
19656
14337
69860
39819
75040
50825
1224
33598
83560
79510
38332
56640
40142
68328
81068
18537
38165
76810
13476
41616
80324
54202
58364
32949
1504
82893
33823
19758
63686
67672
6729
56197
67900
11317
20915
42783
32265
83270
84499
46541
54931
70206
86325
59061
24439
49550
47451
31146
73444
33280
4449
52128
9996
10755
20017
71283
9234
67107
19699
62335
72366
57528
62226
60244
33597
54357
20930
20126
80566
81707
60597
22926
40277
58541
81948
60151
18793
74911
50736
64362
23415
11993
33667
55388
16352
25901
59683
5345
6514
23077
18867
51420
50475
80271
34851
39139
63760
83271
24522
17648
27364
19076
78165
18340
27478
64884
27565
82546
16078
62247
11620
36175
34441
64810
1266
21625
44181
87568
82789
30616
66959
72108
69956
13248
5693
23716
42367
12897
73317
38602
6282
31988
68868
10332
14631
55473
72618
4125
78525
43822
69463
80124
84918
36334
25677
72069
36674
57622
71855
22988
6855
21024
53898
63642
27382
59430
11934
49152
30631
36292
24430
132
39871
25460
13238
87424
44089
15857
33925
42579
46727
16956
44671
46563
68274
43267
63023
57926
64169
63727
68561
18037
36362
71171
53716
73779
50374
2696
64507
49603
38136
27673
34080
36917
24381
35595
16647
44299
76865
1267
29432
72910
69314
31403
4248
25342
33980
24809
49490
13239
61318
32945
36197
65460
62869
51119
1128
65777
85850
17439
78237
73754
10339
74088
48589
55008
29230
35544
32044
75871
73294
44670
75286
75524
42372
4539
71698
86076
61351
55466
29273
24652
11065
82941
78049
39608
20172
76137
40325
41029
87111
6128
77379
56043
27726
37902
72477
885
73765
61366
86152
60442
71872
32871
11860
32270
71885
37307
83464
27091
11476
37639
68061
67418
80715
44223
60362
7888
31622
80574
35064
1709
59441
86415
65132
56053
57123
39258
65753
56659
56725
54911
38968
52309
6414
8767
25143
34181
86256
67395
66061
85259
28726
3416
62217
35355
82575
57812
22655
45380
85249
25386
29826
4514
7216
43083
19033
47529
82305
59842
49278
79182
77728
72540
20793
74770
236
35454
65513
37932
46586
27948
81721
69877
64052
74954
80965
22578
63914
16354
62919
19944
30913
86835
68033
82565
9241
7233
68480
8946
28714
84728
58645
41734
42784
22910
75843
64420
51661
37935
19791
35625
56504
47953
46046
18815
6540
16396
27729
62542
66095
53018
55158
4009
70507
5488
1285
53642
18113
83259
58709
27034
82279
75338
17599
55850
6538
54587
77226
22382
71156
86315
19773
47969
22874
50756
20464
41964
60824
85862
70880
29887
10116
11194
68208
63632
51564
35957
80962
46937
26338
72797
33202
60025
46733
14139
66248
73514
68820
41031
12354
14285
25060
28491
37280
38965
43061
29364
60842
81320
40910
84093
2398
22592
20923
3798
16780
54183
53440
60083
64561
25893
18456
50327
40815
19310
84642
80127
87682
45969
1095
45609
83114
16938
27972
18818
25840
53645
12499
80526
11074
58741
45861
86206
5980
85651
13228
49866
41976
2209
17654
76353
12104
20335
47645
28568
6949
29164
86069
73028
86124
28184
34095
4564
58339
23099
45572
81862
42504
66678
60999
68206
63176
54745
52896
2164
86186
27088
29282
35703
48414
74310
86566
82453
64836
18933
3869
75832
28880
50012
73856
59668
21045
3003
8796
27973
48209
86929
3230
4671
372
83563
63577
82490
76571
81785
15832
79393
40461
35525
56012
10999
78460
32289
71430
19550
13227
58748
24587
3431
23949
58358
73583
44927
81983
9337
7537
24823
65231
30644
48475
80286
33202
59301
32003
60324
21336
35797
8666
58822
41189
81467
76354
32565
80090
70754
44691
23503
11667
79876
37861
32577
54381
86865
1899
56779
3874
32196
64328
87687
33162
17683
80555
36595
11993
80988
24134
74336
43361
62748
47422
79388
1268
16593
87992
18102
82315
27301
52535
7556
29955
14483
79187
6462
40576
26800
27371
20484
87324
11099
13824
32763
25033
87032
26359
80147
60387
25552
22105
40139
42158
29267
49551
29133
21400
63925
81793
11845
22445
37384
30862
28042
83282
4658
24944
4525
60635
76912
11783
43320
15124
67701
27525
53527
58718
48631
30695
31674
55935
84803
5777
28834
52185
31927
61838
75215
857
22280
44803
72866
61924
22626
83568
17406
87042
46208
39572
77675
71647
1662
86450
12995
5049
4808
86086
4971
28385
82396
34085
63572
16881
43235
34155
53033
25808
27798
70158
83520
10188
11330
65143
6336
85032
42021
66730
13454
16988
2499
67833
1992
80562
66754
82099
75705
69176
55279
61141
48759
35708
57013
66399
45776
59369
35775
20082
15023
8350
50229
40200
41766
19132
81211
39371
86651
63524
82504
75761
44395
54010
2049
4602
55090
54109
79969
75729
73533
30412
72413
29458
15922
20194
74258
52924
67204
8078
77906
10835
84889
68993
57747
2035
44033
56901
58375
18825
14328
18575
71353
15082
85949
76103
84811
21663
20104
57001
62364
66542
7666
6472
84430
87155
40876
41434
59205
26684
41616
506
85265
74495
16381
23753
1311
11591
18568
79892
4688
1611
2278
22291
46734
82229
52286
20567
7681
22474
87690
6017
29544
13986
61877
75485
63525
75356
27662
53072
42206
86108
24668
52668
6847
39605
68670
23337
49623
8460
5052
3478
56168
22935
43948
81546
45364
4670
35380
16365
57206
55874
19863
5266
4799
68616
38143
86981
56448
47074
15224
21336
28673
75805
46415
10444
67618
6621
5419
15745
42521
48865
11901
3263
83277
28957
71307
86570
45910
49069
28452
87552
70147
24068
60300
45392
39423
67303
18656
25924
28273
81886
31100
61754
30076
38468
80061
39351
58933
66794
29921
56559
72316
81936
47920
56976
57818
49924
87209
38365
6123
17000
47514
39185
76848
36319
83146
82246
2771
27516
81749
10157
69166
44144
75612
40952
49966
48107
7674
8117
75186
11017
14138
56248
86454
82409
72713
68943
29537
79278
61939
21867
59017
62345
35699
64878
52145
27041
58711
39980
86735
68276
11676
49893
57319
15996
58256
81805
42735
87804
43074
18722
54232
30364
56606
21276
37517
44065
70135
25957
18171
62849
3701
50445
4196
113905
140851
143920
110374
173453
167127
129890
163582
171425
113934
94017
172233
121564
119322
142224
152950
131666
95924
93354
119347
159777
97220
135603
129799
109388
90323
134456
137263
127380
117808
132108
172261
124290
148078
165629
93164
127980
106803
143674
102564
140402
147130
111554
164588
146357
108589
92922
118479
148406
148829
95700
91765
154384
124889
96896
97184
171399
96780
115586
103176
117022
115029
144762
96167
107141
159852
145327
136262
140952
161561
106218
144769
118415
134192
165918
146453
126217
101736
148402
156377
144080
130133
172577
174245
130336
161513
174792
89518
157586
99235
121609
135867
92201
99287
143321
94589
152478
129197
168714
95079
99849
161428
151122
172724
133884
145218
109921
121638
160716
171218
100840
145718
174917
106181
91566
97598
106528
111588
138429
160103
175500
104941
134152
109242
157000
126069
151286
129222
121543
93879
107993
160440
139932
99617
91607
139230
91284
132269
93992
104214
122819
103693
103594
146279
140390
141764
151093
95472
172270
95805
136449
144780
112384
94061
136871
250273
223225
249928
225950
220436
248399
260807
251383
242285
201325
246641
187712
242276
245822
209561
260250
255192
202337
262633
219648
243763
252141
197756
179002
187028
198047
243489
201239
258359
236068
196773
214916
178877
221980
253011
251991
220936
240413
201470
242864
246039
222413
210841
236073
259820
228645
183904
198512
243909
238794
250362
177486
178044
192329
224551
183770
217104
233055
262727
231915
182996
208677
196538
205147
220245
251226
191093
189282
185450
236690
286996
303261
322715
333396
287392
351039
340959
314837
287147
323905
336193
337428
344767
291778
349742
280025
276519
281674
333141
340085
274818
346496
281418
319712
344899
324147
332879
266418
309470
343284
411762
426508
377571
408197
395756
430935
412296
387121
388485
396182
353987
435149
362924
424457
364301
424660
356430
357665
396993
436224
409339
435175
411539
395167
352601
352629
419873
368102
386807
412067
395739
397152
410419
428895
363192
360108
400546
433196
369903
355116
365556
402719
379819
409661
410024
432355
428578
397756
395763
437818
467925
456873
525331
516981
498479
452329
494212
520040
527651
519396
464508
503895
440886
506984
518747
460924
500163
445924
458569
524806
502431
502068
463686
494592
471263
446043
521101
492337
507900
472106
526701
516853
506022
472572
520585
463624
468281
523708
498599
465087
607024
543951
557327
563791
608641
588140
600784
606704
528364
528503
554836
575169
604469
543634
569182
542221
581105
604750
539506
561502
699047
690238
646636
667373
643149
709856
789713
767633
789885
761924
840518
816307
834683
795504
838182
961892
916491
956459
905242
926634
880396
928427
929237
909487
954395
1038933
1026111
1002225
979683
988407
992410
968344
1032952
1001125
1022332
1008715
999631
1016166
1048018
995256
996721
995579
1044021
973733
1052026
1033115
1016513
1040917
1046809
1033328
1017573
1048634
972350
1036216
1053488
1016873
996381
969142
973892
976559
992509
994360
1007266
986364
992742
1039996
1044670
999306
1026204
1042748
989252
1037983
1052336
1013676
1029427
1203113
1213814
1192276
1208723
1184019
1244339
1258327
1301479
1295331
1266126
1387604
1349070
1355202
1376196
1401840
1405017
1345261
1323261
1368053
1387955
1479597
1464131
1475932
1470103
1467928
1527621
1520208
1531598
1524197
1534310
1593754
1661202
1627536
1668969
1635519
1701866
1726400
1718131
1711766
1708272
1678200
1747582
1686119
1754032
1694037
1758124
1744702
1703318
1682529
1719618
1840580
1819374
1814959
1767776
1844862
1892648
1935984
1915893
1876521
1869217
1955540
1993452
1950276
1993810
1966401
2014750
1963145
1975745
1963251
1995517
2104716
2049622
2058579
2028864
2092719
2182828
2176298
2158245
2126518
2166342
2521335
2533270
2529865
2512986
2481582
2616845
2614136
2628511
2588841
2593054
2605665
2575371
2598749
2626674
2592399
2567633
2587953
2578595
2636781
2575568
2683434
2644967
2685869
2700687
2710172
2771517
2749473
2774092
2748659
2781706
2785334
2773627
2739723
2805583
2760367
2896340
2884352
2835374
2896029
2822220
2824298
2863688
2902331
2875260
2848861
2980613
2964789
2911537
2990133
2951677
2955291
2966875
2968152
2977049
2969702
2975098
2948649
2984197
2979212
2949118
3054634
3050787
3025424
3041029
3049171
2994221
3050925
3015153
3010242
3017664
3235411
3231335
3218456
3252659
3209951
3274619
3308379
3292590
3324836
3314001
3358083
3417372
3405117
3346386
3431180
3485989
3488887
3433866
3506872
3460978
3618378
3635455
3657892
3668142
3620377
3882214
3878619
3872054
3879110
3921468
4091900
4051640
4094159
4128288
4095562
4118820
4100440
4124580
4048287
4049373
4898517
4856468
4873095
4857919
4847261
4957695
4988919
4972279
4978853
4975816
5341599
5367824
5348187
5344839
5289815
5571315
5557152
5552283
5594050
5631528
5872598
5844499
5892790
5860223
5872586
5930363
5942238
5970701
5900991
5920530
6045958
6007931
6007489
6054400
6042552
6590925
6586301
6586387
6536750
6531535
6867228
6923247
6926724
6924757
6910677
8211200
8201707
8250813
8236805
8240070
8321387
8293549
8277980
8309897
8325990
8795118
8780799
8757851
8714095
8756582