68329
11234
16653
64423
33293
18762
17119
33146
43133
51681
56742
48140
19738
50216
18335
65794
85180
87455
84237
2487
77525
64556
31404
71493
20680
41624
31525
29850
79852
58515
80100
59249
5696
23664
31554
40939
4520
50953
73494
30233
24254
9475
26586
17516
51321
2174
8122
12561
37871
85536
43479
29139
40943
80633
50604
15777
84387
80668
7277
43415
53501
50996
9708
4735
35424
75812
31891
19814
82854
6684
54239
41804
60852
65808
21720
78974
11559
11642
30061
13962
40101
43075
43443
22423
27057
48416
18664
82549
27868
72535
45394
23414
23
26079
54091
543
25943
39070
61983
40084
67902
7749
42419
76557
21652
78513
45060
37143
29059
74989
58647
51341
6662
55050
54250
43112
18432
3407
8987
2287
31213
44833
40152
30466
52018
13943
74989
54844
7542
32770
82376
72312
40267
76060
52824
38728
76120
30515
38248
83742
1769
31909
37104
66864
38975
24385
70671
52809
79225
25980
19151
36505
81004
75180
76389
19713
22747
51637
36298
69525
38396
38671
57513
25196
28570
5187
53075
48403
42130
58885
43751
69441
46096
35680
73951
1007
12519
50201
79394
76667
54606
52867
12174
57875
4506
86452
2902
8075
2226
75456
32338
63659
45770
15239
73578
61299
34874
80116
87283
74032
41290
691
44060
53605
8497
24816
69220
62062
69380
6118
49334
72483
65354
11720
647
47975
54442
55247
64719
39324
17982
10615
23954
4014
3972
7903
46304
25761
12041
66475
24056
33609
87808
56889
15191
70583
24874
25020
33753
78495
75193
59780
6811
57100
1020
62622
80069
30899
75146
74753
55757
4255
41498
60964
55915
56558
8071
4596
80071
35403
50524
71122
84723
40006
32839
27904
13048
13362
68784
20069
37705
1413
9753
28614
12567
75004
64865
25834
23128
9483
54608
30426
21636
21904
21991
52046
39886
72340
11369
53712
28041
67615
55676
78230
74646
1831
36966
11188
56260
30420
72689
66055
7935
84602
24900
19846
87069
81414
61159
3050
16623
14461
17982
83762
49326
27172
29904
45711
48959
71208
70884
57803
42092
83613
66733
40633
29273
56709
37274
22497
53284
44425
46435
30410
70062
71941
45039
60694
9223
49373
3182
6525
12850
72328
54803
8748
1502
31121
74524
87243
53980
2373
35724
54269
49978
1275
59642
35799
7929
11358
67948
29460
87738
31066
72327
27551
4171
14511
60430
18442
45891
6175
10991
52454
40249
62077
25149
68613
63196
72609
62514
29642
64639
6014
16621
84954
82104
83116
30997
21179
18772
74389
38927
84396
73891
62661
39726
30384
20058
33686
40215
23785
51523
25270
35358
55083
22503
77365
61334
41765
14039
31470
33955
81536
44209
9912
61810
32462
39832
4677
16209
83149
38880
16260
8994
13769
80784
60653
42150
36636
68918
46061
61214
44335
76361
79223
47063
66335
84003
71947
32111
66796
15209
26988
3805
67128
50273
87765
79288
83898
10816
58780
57183
14443
7676
6952
72081
69077
5264
29263
87173
56080
57359
85557
62941
86220
49898
74959
61417
55973
39651
47401
43840
65650
18757
78522
11755
70847
76631
87338
81933
17264
52714
66736
1339
50891
72335
66578
14654
67091
48565
68510
14583
7155
70514
41823
60342
11681
35926
81953
61934
66403
53345
82573
52265
52870
15035
49081
33905
23957
36349
33971
34032
39904
52739
9438
61046
23284
36591
72700
49191
142
85122
15753
63602
33423
57226
83514
56935
65071
52371
25722
39444
24193
84551
21723
19897
56832
49955
7410
63176
67997
84070
38536
46172
73763
45739
75250
50264
18238
9717
81578
3506
73542
40339
11484
8576
47221
82978
60266
14405
5985
48434
64123
57908
59757
47567
19005
86177
27465
24933
10545
20277
9619
71643
75953
13850
41419
60226
8152
44400
12248
44151
42021
12159
31442
18094
55299
32747
12613
68831
81682
67404
85617
14067
56592
46685
8550
44741
62622
25512
4190
86209
83403
61328
39585
53782
28673
7297
7548
52813
57606
14735
63632
39853
6180
80455
85196
64260
83794
29343
83822
82640
32253
75272
67411
57196
65728
14803
2785
70643
57626
85126
38540
54157
43152
19033
81990
36214
79839
43039
75640
6083
70831
25792
71113
51436
43304
67396
15206
24511
86242
73175
26164
65015
56741
52481
77296
7860
36592
22688
52436
72330
81409
22744
66690
7945
37455
70705
33944
68817
11117
6763
34358
45724
44540
35966
19526
48647
26837
2884
59999
45345
65619
70560
64586
71289
2797
41756
68088
24762
37352
35362
83248
82100
51014
23161
65110
21321
32557
34859
23000
74777
87901
21957
5880
30731
80219
2494
82639
65069
78065
2532
22652
79219
27016
72106
54348
42080
9497
57184
15466
24260
28241
17647
57381
5799
4675
62149
8802
31198
44170
29852
55916
2843
51440
62911
70857
80605
50691
17230
42089
82212
58429
37097
15143
2200
28665
70180
4425
23385
69713
58982
25759
82135
72401
31890
2807
33385
17749
69768
42024
87800
73715
42469
8956
79036
45308
71410
87828
4716
43647
33104
15132
85563
68196
63309
35245
9699
77199
82134
56383
45804
35734
2422
83545
21177
75004
51708
36295
76705
15471
23376
665
51976
82162
70300
7053
54298
19238
24100
52734
80869
16477
62973
11949
11619
10102
75994
80617
56373
45711
47343
40128
56377
49261
10087
25124
73549
39061
67428
65963
6824
31591
85881
81452
68550
27016
56820
43672
32156
4288
85322
51968
38098
72644
31910
59830
86465
9799
7291
34363
86382
39008
87720
73866
12523
45562
1310
26919
80698
59933
41012
59835
83419
79756
24838
18947
37353
82111
26163
73303
23587
48973
70202
5803
85818
14378
19273
25543
75759
45559
6200
75170
64857
72999
53996
66451
63531
19422
55135
48763
23056
44891
82819
41107
76327
63518
16202
77945
24705
58518
59806
46438
84096
61044
35808
48800
17770
9421
63946
37093
50442
2967
10089
8418
38728
66750
5608
13024
84782
42862
10689
34181
43045
33166
483
79065
17944
63576
87699
52637
63690
86995
9766
76954
85884
50172
7436
76562
49354
53470
16048
38422
2549
86365
57901
45355
47836
9647
27555
79444
68995
6219
57629
81792
553
21279
58817
12265
41305
39247
14087
18268
26758
28716
25064
62367
36763
49285
5982
73089
6100
79006
35222
51508
66812
85039
50827
27647
75714
1470
62062
45666
84036
64756
70754
58589
25171
12818
58871
57975
85548
66297
56114
49079
11174
81739
87401
34648
86053
47440
64058
44893
2853
2725
41649
70527
61308
77501
61295
49233
83531
38117
5107
85784
49787
19941
53907
24987
957
87734
1249
36709
46132
86833
87491
18171
41607
78613
81066
41994
65213
57304
1959
24332
55858
56577
84623
76259
47103
22732
58967
62051
73201
62315
72571
79138
34227
29507
27142
39794
54943
65388
9702
84232
33197
25343
10852
82536
41013
31583
29462
74386
7227
41457
23182
26879
7776
48687
20756
27302
59073
44900
18560
28320
31201
4445
63510
59194
12233
18716
12483
38538
67057
71114
52977
8887
82500
6602
16206
75126
73970
13490
50274
52187
39731
71647
50193
14785
18237
75981
25139
46821
46588
41575
79535
31253
30115
71586
25723
9880
73091
53504
5234
19065
77255
51360
40593
61775
32273
86747
52199
33425
20856
76017
75610
57797
73723
6853
48804
78840
2926
36104
62731
46401
78493
39647
58775
18701
27265
68572
62763
56311
53815
78801
60470
58446
32413
21338
34924
86850
31041
34462
4216
45861
7690
79482
21489
40812
26876
22623
58794
76041
33982
63802
54127
58540
37826
27832
29291
19586
15361
67372
61639
37239
51946
11888
61157
51913
18052
6450
66270
41622
70837
78711
19426
82184
44053
62516
82388
32414
1890
57944
51613
4127
52215
8935
21603
65121
62265
83944
49295
78583
6796
67731
59536
69011
30757
50176
39785
42575
11250
48105
19844
62922
42068
16684
53444
17120
46859
40403
57547
70043
82521
52256
45714
30944
50532
44315
54897
69887
61736
1330
73913
63726
11359
70932
27322
10631
65342
29007
7638
50018
25305
83080
44333
59690
22035
7866
36066
8265
59410
41951
50131
62137
63063
58470
83315
30495
27145
6287
70035
75866
917
77032
39502
66183
81609
86795
52463
13830
1055
70521
74535
82739
22679
36047
76784
54481
37225
18755
86976
61659
58912
66910
7700
19993
31149
15111
83891
78688
84794
33550
60098
2826
62784
68686
58633
78613
13672
17197
78348
8080
44648
74976
7003
53900
73852
2890
2804
39869
64800
77055
40166
30559
86713
3070
38320
43526
29459
9169
571
28840
38456
66788
37909
87720
51133
29416
60249
79991
79811
8690
29268
85688
72040
53376
14941
86779
82988
67421
41319
7279
72910
30206
3800
22803
74018
19997
25104
81678
83341
83008
38296
83640
6818
28123
4811
79895
6638
810
10088
71580
11566
51118
68521
37732
54140
37809
27117
15301
1883
34081
63821
12576
51872
37028
66229
65695
73224
415
21347
24957
69127
82753
86771
10629
5319
80918
7221
6404
35991
6869
73122
45544
32118
35683
1465
45160
4470
46610
50853
2779
34089
23830
66253
46187
48129
31452
68338
9613
16350
21805
65168
54096
36603
8402
15902
68048
35691
4600
15006
47585
3756
14281
35195
76347
29576
57016
35843
46092
67315
54268
50908
58676
56967
21924
8211
43207
21096
45293
5803
36522
46050
31175
7643
65493
26395
71540
23268
73280
405
7811
45313
86920
7859
79263
61649
55910
14208
53303
11688
71148
50793
71710
52291
28255
75964
28553
76919
81991
24724
35359
67401
21812
5243
7828
67527
17526
30165
76931
49029
46323
87072
10796
62523
80367
39029
21447
58888
55570
58710
44748
12669
54420
28049
79256
1256
8832
53500
21268
23279
57497
75087
38971
1513
78442
5195
10433
22404
11811
78509
18880
66961
77599
71860
18264
18991
33987
77111
34055
3310
40997
73251
1079
65525
40669
27582
67206
32890
4722
72410
50545
32566
4018
85556
23487
49077
23238
35911
73989
56583
70846
12674
69579
67378
37020
59712
11661
81919
25616
57095
53821
79646
83533
75182
38471
47068
41076
45504
41344
26361
28392
15681
3586
29569
53216
21752
37367
20317
18749
30393
25738
72306
4817
31900
387
78907
35715
37582
51647
19117
67072
87831
66457
63436
74863
3248
24011
10401
41794
32362
85858
45075
35108
84365
38604
12822
76636
17094
35034
42856
41930
28488
30154
57935
59732
46167
81115
76940
455
1325
56682
84554
66142
25713
68430
35507
74704
46510
65912
12360
57866
41678
46999
83006
73444
24782
42837
57772
60603
49154
19015
47186
67506
57603
13257
15067
68332
44308
2392
59071
31288
49063
87827
75372
72795
25414
80909
87093
2387
53153
36845
83706
37782
84244
22992
85933
57656
74707
66102
76314
12341
65341
33017
87108
37311
49378
54550
72735
82891
72048
21885
51577
33281
71778
58707
15266
41311
39719
35168
70344
15848
15097
76088
21823
55314
57418
55314
51339
65303
27565
581
38664
82543
18841
39539
45965
77080
14533
37215
37263
84557
36026
49197
17000
65660
83288
84265
14636
1899
83451
84889
77320
23625
5238
8267
73612
73303
25083
26714
24565
59953
57297
39720
40152
75017
18132
69291
2293
45812
87629
47861
5624
32120
29848
85183
41739
83747
78855
79165
31458
68034
79375
64965
81024
38332
75675
20500
61756
33742
73828
5991
71171
1606
69659
12594
54811
17560
69292
62534
84708
36536
11484
2786
48463
32999
10157
41192
55166
76351
30891
28973
59145
48046
915
83676
72966
16055
38705
47764
8454
45267
72486
10501
21286
40554
25217
22202
34574
17529
44176
43130
27642
34634
54843
51134
56023
6319
66620
38799
30742
12085
66925
63248
61870
94
5880
62373
43296
87126
77211
65368
87285
29307
85104
61861
11017
44227
43184
58739
2281
10649
27187
62740
6008
18171
87852
23255
62111
52923
7597
72154
64459
13375
65279
20871
7082
21318
45056
46382
74155
56001
24983
30541
63026
13180
86403
4359
85639
69188
4362
78377
23011
37116
3707
15017
86889
22033
63034
11467
45812
61150
5457
57
11923
58361
30768
10034
42933
62412
14640
60938
47166
82964
73669
41054
17791
2430
15716
31219
41732
78575
16769
6108
36092
76930
56549
12950
73576
46745
70407
18417
53980
58834
32177
81294
74851
86171
51357
45546
4265
31350
14292
8994
44402
44344
33475
59965
53819
47166
43640
19369
34860
83050
76287
85237
82544
12801
44891
35503
70646
67372
87253
20745
29497
39625
75393
36834
3964
70508
73899
70078
73876
71773
32031
54108
46418
648
72281
43244
9569
62073
66789
13346
58596
19576
14647
4687
59790
23736
84396
14330
21489
65526
4330
31844
11204
76147
113
30525
78712
23349
1368
25509
4751
76501
39216
43791
48674
38808
53451
2913
32666
67512
43878
19403
68392
6888
43656
58180
13953
58603
29455
6719
29304
43847
37334
66366
6442
51397
41671
49294
38421
15579
33180
39239
23245
42476
28243
35564
65384
84347
64181
44744
67007
20736
33109
24520
72121
33080
72324
26860
78586
42443
11188
19105
60546
69769
53969
67150
28798
85113
52275
10798
68475
33941
36444
73680
5264
80785
29119
80496
14866
64468
52982
61817
19082
10499
29625
24483
44250
85560
57038
81372
70899
17263
16681
22324
81451
34861
9982
33009
23545
41622
75608
51244
43286
60288
72733
36453
47217
3863
68486
31999
45163
62435
65491
40250
31805
10785
74052
57039
7918
42827
33275
44703
26410
45419
16887
24782
6161
51
45546
62085
36164
79510
66922
81169
71971
38401
64158
56354
61891
82776
25199
42703
55780
70106
30880
3703
86855
28062
36557
50936
36922
13087
62746
24578
77142
69818
31490
62430
53111
83061
31853
44890
21754
45635
65962
68862
74946
33379
29910
87142
19150
68325
43087
17661
65601
40953
63832
40017
67258
18038
56010
63193
4897
37352
75652
62579
53064
31231
20620
77871
37644
60858
87714
46238
84429
8116
61018
77873
41991
6938
71945
9976
72668
33765
68605
48475
7382
18927
55286
21904
25736
19364
29938
58221
81942
18553
16422
50513
32215
38257
25667
51695
71541
29158
48335
16770
67713
76425
18642
68213
54042
72375
8515
82250
22173
17469
52844
87823
69545
23496
44535
39506
33796
47403
78399
75116
25360
36596
76478
22301
52902
27560
71464
37162
79834
44965
29308
44319
15547
6694
79651
81526
40011
33840
8221
45007
40965
24429
68758
900
15947
15172
45816
87696
6666
81556
53738
41208
26532
78914
69179
59215
73370
75670
10639
14923
86999
39815
5085
337
42802
23048
68763
55029
7690
30025
54313
84315
36813
18407
41622
62414
16761
79422
62573
60465
1779
27839
36123
52178
33071
65680
59663
66115
53416
29987
25562
22337
44055
6135
67435
85134
36256
60442
80311
63139
28664
52443
12860
64426
35745
63941
26695
43579
48614
85597
42193
24035
50616
6021
5844
19993
64526
74639
74197
77476
78687
16985
1935
4205
7332
87750
48504
36248
21073
83898
34688
25986
29841
67237
50913
17304
24362
44583
39489
50826
67237
26366
67011
17536
84064
42454
73755
82412
22826
28776
2112
39235
74121
51924
2352
8195
32534
31233
74264
61790
49129
26502
13538
4738
82719
23883
54480
45441
67063
74645
78077
64634
18091
7778
13152
8636
71528
78248
8952
54872
64714
58294
68661
38237
33410
37990
67659
37424
18852
58270
9499
66847
12933
45610
41010
727
49979
13307
54636
76388
57913
45046
75075
12790
17099
41624
58561
53840
41589
41846
53521
2950
83318
27032
17173
30257
48942
52744
20183
74817
50170
71709
12716
36376
19600
49222
77086
31880
39509
53079
50339
54734
86683
30313
17682
39045
1742
20924
68862
20588
33864
51735
86481
21444
65421
44930
77017
50179
39256
3111
50366
77981
54155
38126
72544
83775
21723
81077
63695
81880
67378
80968
47823
81040
5448
70315
2378
10507
38113
38748
39222
45602
75866
32237
33322
19378
53701
6433
67013
20524
11332
25102
83662
78886
37167
14935
66863
33048
16496
67731
53508
74629
1394
32572
57105
62014
378
28582
10342
47675
57245
39487
13661
40488
77199
39107
58998
10507
40183
70150
53706
71142
15529
77656
56208
45535
32706
27947
23557
81699
17993
19082
9016
20093
327
61172
47369
10025
43822
33234
20389
63316
35859
1947
46550
14342
25432
79670
27857
47091
66981
45925
22815
39192
45785
25727
13590
86644
47330
81886
34793
85500
78416
74175
4695
76468
81296
43313
49102
5969
47053
24088
38409
4931
67145
5623
31744
21630
3919
49630
78236
41512
65035
45893
10370
22558
63995
54749
76840
60577
25856
77191
63121
49706
78297
87776
22529
13455
12831
83103
58701
21143
49966
34831
61398
85860
11980
71189
51211
8675
20916
10722
56405
29762
82211
17379
73508
69575
66372
493
67061
87449
69935
78107
82403
47616
62580
12978
15999
62818
36640
62427
33334
51275
83166
14512
11482
63387
64246
68494
17879
52005
69602
71418
37749
48666
58400
33733
24878
9821
81669
66297
15342
67420
53803
15616
37643
38265
59766
16148
6920
50984
77588
28117
73288
82833
59268
351
85255
4634
49200
10187
35064
44332
15912
70301
80615
22143
80146
43784
4655
6408
75851
46930
80233
82460
64346
87941
78662
85148
60949
54841
84113
15832
45151
38940
19254
33210
8714
41333
37881
47576
63506
15748
40633
41312
39910
57043
45794
45993
22890
41367
26698
49966
46462
71222
15883
16182
12625
39373
4188
47837
60859
87216
56709
65233
78946
55164
24038
77478
64962
72128
86218
1893
52267
20085
59433
2758
72327
37015
39134
14226
46403
57490
57478
63477
78500
24724
78544
27566
64269
72515
46763
20884
4339
58452
19994
85971
1538
20118
10343
51074
56100
1572
51943
58808
74398
22881
34750
19696
23240
73609
26228
4550
24270
80819
80092
62796
68280
60764
24032
25974
13957
7910
73020
54836
52440
62565
29230
16077
70148
14120
62550
85759
55941
66017
62559
73711
86243
49707
59455
30136
71764
10024
87811
38128
37607
76499
25588
40454
83287
77548
75347
25468
41926
64732
48955
18426
77252
23241
63263
25338
55875
6855
81027
80161
46816
22386
1473
65781
53744
60816
81600
7632
52642
5189
12892
27064
7707
36446
3451
19887
29351
72675
49386
82366
57146
26396
560
11445
59305
17199
85250
81003
75474
66755
32069
43567
30051
5677
24605
56386
25053
41028
18141
4075
17799
5809
48049
54370
20399
69475
41889
52407
1038
14864
5769
43459
72425
58999
80148
68781
28838
27937
36000
78602
36423
44812
76800
35563
56432
5157
57024
47294
43088
63717
47946
21429
15254
41627
54391
76946
82126
86262
57208
46791
54746
20010
40946
61366
1320
75034
87354
4513
63202
23787
85198
33746
17143
21208
42914
79440
26131
52385
72493
45412
45203
6216
20369
45495
26858
85668
34231
59327
81726
8430
49041
53748
45495
34328
2944
68626
3222
79796
51076
56474
53553
24873
24987
58982
51521
19701
86999
33661
84951
29676
70448
80842
80297
64617
71673
56827
80959
75722
62876
71763
69391
10955
68585
51051
37705
26932
82718
67791
74054
26345
7613
60234
20253
52453
40826
49433
19025
44800
66993
47382
74067
36783
77128
39646
66588
46302
3632
62677
66299
37548
12036
78138
2699
79413
34973
78618
29961
69156
32736
52550
51428
17251
67413
53025
83387
78700
66737
48996
39966
1145
14624
67222
61355
14615
80304
31613
30009
47153
76918
80091
83806
18625
28648
84595
42586
34910
43205
49484
13368
37999
52168
85664
56035
47162
25510
2476
52955
11343
59264
34134
77759
52649
75686
57421
39276
65212
6885
83800
79580
51670
77751
3425
25707
85202
5809
10750
39139
18782
58918
80451
84960
7608
70759
50945
57180
70889
43418
81247
9537
45293
59883
16086
37176
20300
21580
36397
86545
36255
17346
20503
24236
50274
67464
47568
72415
31254
126
10959
68813
2684
85521
20518
78646
24964
54719
24654
78007
87240
61863
56144
5184
9540
19973
48932
73696
74978
81200
36759
57371
20687
8103
30716
69890
56516
57764
23758
84907
32290
36729
47276
13877
28902
60460
25690
67814
62943
29344
12225
58276
23943
65308
45589
22498
36119
80772
1848
84859
44648
25532
21849
19253
83466
13487
7970
50306
60715
84574
22554
44007
67933
25012
55501
67748
25996
65345
73404
27642
16931
23071
65279
12702
6583
20890
34210
27943
79721
51151
65987
12699
1605
39490
23946
42952
75361
68978
54318
3684
52143
3354
87716
31186
691
22963
35246
8476
34733
47757
30418
21916
20718
56563
82854
39232
28352
40728
58556
13044
34426
4816
75432
9860
81243
46914
14456
66594
85292
41312
10835
74532
5574
16127
55391
83746
48527
18322
72296
69471
54222
1528
83345
47603
72065
46136
64526
46435
52381
5874
83276
87864
35467
59723
19663
44843
34737
64168
37868
87017
45003
3151
78899
58234
80019
36409
59346
3332
81860
54234
37501
70190
70191
57555
72380
6129
48911
6316
43366
33696
37733
26696
1778
4335
5363
46200
25354
32839
24475
58437
6274
63712
39878
5455
67140
51864
71306
12771
59252
58195
65094
65748
81621
57736
42722
81097
38954
69235
73108
586
55293
16844
46615
72086
6672
71769
31041
31173
48815
19248
81723
66204
35171
24267
40324
6366
76206
69031
64079
14248
38696
27837
78981
26268
72398
1331
10883
14403
3785
30161
80179
34344
65240
15441
21710
62806
22539
20105
22775
47132
26732
15572
66741
15012
58057
64065
87442
19879
21537
39498
23962
8870
17567
52969
83815
13125
54869
49920
8127
37447
43714
5783
22834
69204
83735
11987
32784
85522
46288
87251
77640
83760
27976
13978
48043
76733
80509
49649
26781
18052
51718
48107
43251
4117
41732
52325
43243
82122
4247
24795
38567
25780
63809
85605
5103
4641
35180
47833
1031
27928
44847
11517
25432
48558
76408
34610
10647
39974
68856
34847
17303
925
27508
67169
74471
20278
19540
53111
10914
74745
29261
4429
76591
15116
65623
44053
4242
34638
51632
22047
42492
19077
83721
590
31965
26433
38639
55444
80066
14471
64629
8663
43328
60107
21892
19529
62216
53167
77034
62214
52027
31519
43873
82543
19756
60365
78702
4180
56505
68169
72036
4420
60286
59563
46131
84247
58731
52835
75888
63468
25705
32856
67035
70973
14835
53558
28048
67666
12182
68567
40101
67957
32941
74025
44013
24054
46398
74155
35620
71466
21198
75656
16612
148288
91553
161920
120762
110066
158302
102846
172079
159145
173802
119698
112127
93642
103208
151709
145337
100624
134693
125842
110007
172215
138458
109886
103708
95278
164374
107953
140273
100258
119552
136975
133618
159648
136759
91072
117260
118843
93028
145484
167137
151943
122989
110021
134799
138793
126583
169701
92302
162855
172523
111403
140575
111905
96455
119974
165364
89474
152990
150205
139245
118738
120122
171322
103691
115266
153315
92161
155062
130939
163954
146999
161816
147605
160046
147596
128070
92235
118185
139210
101727
154936
156698
135751
95785
156654
154523
123742
154309
171633
145132
154088
167878
99473
164572
171527
167015
156727
120190
163254
139436
175758
160189
111837
143940
134208
118995
122654
125449
122880
132746
104353
151502
95707
113324
175299
121359
157695
148093
149731
120952
170772
96396
117647
121989
247727
218290
254571
203307
249440
181407
181637
219018
227281
200385
263113
254692
213205
253166
188079
246175
240552
217825
225464
254289
213152
198718
197002
184827
251144
249828
176922
262017
242016
262125
230599
232560
262409
206656
223407
242472
178131
260625
178171
218032
193953
249306
260898
253691
179206
244318
263130
232129
229947
235212
260490
178189
214636
236271
180059
203721
293456
267986
332219
273731
290665
296566
295185
290935
275190
278265
326343
332336
280615
276829
335748
328747
267489
340507
278722
289231
323209
306239
317904
308028
375492
406259
411602
358100
357484
433278
401183
363455
423520
404659
429401
353504
376909
430518
365153
430769
412499
409561
388541
429704
426110
433555
436286
363521
369394
405662
413719
365210
424289
433802
386919
403479
357817
380823
387132
414199
384711
376874
357303
377247
477929
507873
485527
494622
484551
465040
509919
514911
493618
452062
448818
463659
495983
479653
478587
510884
467829
499507
444405
472751
482464
489607
462628
475633
474683
491328
518661
517018
498457
462514
467232
526865
529237
567742
610266
566961
539783
559765
567430
528626
590046
598320
607324
553302
597968
569281
609401
571208
616560
703626
616577
685275
719664
704419
716127
768422
805082
878823
799469
875495
954831
960952
880978
900106
896476
930593
937432
893342
1029008
990805
1040080
999277
998352
1041736
1051089
979164
1003494
974837
1010200
1048993
1042150
970964
985902
975193
970700
981207
1022605
1037086
988216
968824
981669
1055379
1016368
996124
1043771
1033680
978578
1020467
993335
1054627
1043176
1014146
1018492
970677
969296
982034
1053062
971898
1210274
1213973
1178060
1167193
1254360
1274860
1248510
1303229
1367607
1361250
1368131
1348342
1357745
1404124
1406016
1342961
1421672
1476684
1480784
1480201
1514357
1537062
1504126
1577992
1671572
1627899
1628096
1618533
1730766
1688297
1689457
1678390
1701150
1684057
1683903
1695450
1708484
1743482
1745211
1749650
1811065
1841545
1843054
1824216
1849907
1869609
1911473
1915736
2009582
2015682
1946055
2010556
1957896
2020575
1937310
2014127
2045715
2049023
2105037
2029857
2162462
2136653
2191768
2170045
2492953
2466714
2495050
2518193
2578313
2605297
2591814
2599553
2563538
2588579
2608205
2557698
2630753
2615946
2568789
2564726
2708578
2648423
2672712
2719145
2730492
2781539
2757634
2784026
2788982
2787762
2790860
2775529
2834254
2878294
2851567
2821969
2887912
2879005
2847030
2903129
2939605
2975975
2930165
2972095
2914596
2973166
2979130
2977048
2984285
2918979
2938874
2924538
2999991
3011571
3007445
3033728
3074549
3058856
3002857
3066467
3229268
3225588
3252871
3214475
3281181
3280180
3311248
3332507
3424161
3408990
3359610
3395922
3439620
3490806
3508715
3495963
3661881
3608220
3667695
3631837
3931333
3891873
3932394
3927020
4061765
4066729
4085570
4134200
4118381
4102077
4103205
4069247
4865324
4900367
4871946
4921827
4938041
4956588
4996626
4960437
5366856
5360161
5343859
5328404
5624751
5610080
5579031
5605849
5864687
5887933
5883630
5876729
5969794
5900666
5981853
5923468
6068324
6070970
6071977
6066339
6556066
6557590
6595602
6530770
6940485
6898677
6929076
6926064
8224621
8189586
8271211
8257667
8324983
8275495
8359664
8272036
8773309
8718229
8749609
8783198