59313
81586
82698
57961
78703
63441
70715
3746
20085
79933
15404
30240
2305
62174
29489
2356
60221
46809
85569
35539
78871
3240
24758
4762
28230
57141
655
87048
19641
57820
3756
5367
49579
68273
52170
52705
68976
71066
71858
17698
45128
56518
37985
76097
77636
60935
54125
12169
36778
74975
76179
14132
906
43576
15795
37279
68647
55874
85803
12775
39772
4792
79329
69170
31754
31595
66870
66515
73488
18915
21060
27633
30618
73161
64567
87761
47381
11761
84196
38452
37087
72836
77704
37886
1581
80965
74776
26428
9311
31225
36643
86609
3240
68956
77304
73117
72553
59002
83772
12712
1981
5760
74393
66712
80323
18163
69891
49693
70415
59060
37901
64201
47434
21966
25406
29881
57975
59342
62326
6586
18972
17386
45399
34544
24279
56218
87183
60400
57128
57768
15525
39405
81455
3053
74472
75143
49507
32024
82417
55263
74872
70701
1568
41674
58471
42087
76120
32612
76358
58709
42739
63631
73586
34499
33255
17534
60229
64665
24698
41188
80216
73418
8143
6846
14766
13076
81402
29234
85336
121
5900
35273
66172
65809
62188
8395
87546
69799
84552
74929
11807
13806
86418
30270
3249
51408
44104
40980
52030
12158
63807
76898
57800
52268
58779
20554
15677
48864
73589
87176
79565
82976
16224
13690
29931
61390
9245
59511
56583
29246
25781
11326
31915
5276
8457
79057
12063
25201
85940
21886
46604
64813
65401
32971
78745
55215
64537
82095
37174
52990
59711
79780
63380
82195
61181
15130
26877
80426
15756
1388
28481
81995
34869
58818
64627
4593
10050
43262
72510
41543
11841
49772
75906
15692
68795
76229
50247
46204
15466
20316
54426
78584
74595
45774
38131
14369
64029
33850
54691
49641
5343
11954
81809
50022
26142
6984
8429
44522
54732
69969
52913
80582
76311
39700
48181
24062
24975
50066
34013
82026
57755
18761
12639
25260
46748
37981
36154
43466
86098
52913
38092
29399
37264
20909
76370
8786
16413
36681
50173
62122
50861
50237
33355
71460
86227
77487
26558
53821
10153
20488
9858
36619
31921
64686
14562
82723
58557
75655
50262
43909
55452
42955
38909
36670
57228
54966
18907
44435
523
55056
72935
31189
37532
24357
68860
38824
15528
53030
22491
72352
51987
75002
43834
37889
31541
60324
64855
5059
67870
51208
31188
12934
87746
87936
44817
66523
54317
71586
41273
74773
73961
23550
10939
37977
66484
51400
59076
3168
42375
49019
13806
53237
21869
42586
10758
43869
65097
65723
69030
11813
51725
39635
26435
31141
50740
29117
50309
77001
19160
47830
32025
63084
46621
85828
61674
30696
42349
71169
16130
84814
11236
49679
5152
72792
29166
15768
62875
6471
7607
64036
86319
6328
41766
69842
79279
60008
16945
48710
22650
6848
83718
67846
20484
48701
65994
73818
13395
53907
51805
38772
33218
4890
86006
19963
16782
68598
22384
21920
86468
30800
15544
71003
10604
16558
21753
46011
874
66277
28338
12566
19761
55463
11828
49972
45361
26676
3630
15498
33138
58093
41053
30440
46792
65712
1535
2185
76987
35700
11904
63392
14052
40653
13842
63402
84588
83643
62834
56531
32598
43932
45679
25857
15857
33400
39323
43856
19693
76648
36294
73594
1771
80849
46401
60710
53434
40475
31608
10134
45611
14475
15326
73319
35275
16240
13549
17607
6377
69515
30454
26187
43140
34572
2047
50557
41331
48481
42302
34557
29253
78641
3783
38316
64292
76100
57080
87185
15438
85239
11735
56451
66157
60729
12860
77168
40536
17025
80148
54944
77331
18246
8597
55497
50575
37707
38163
52645
77199
75177
45134
83589
69780
3003
13677
14139
61564
73348
53401
35005
83692
30942
87387
7336
22497
52457
79696
26769
83798
23470
4841
3500
39673
77943
43181
81433
69756
84834
73693
52242
48858
66882
55625
48380
14144
32409
86098
75036
14092
41264
35722
2584
49234
9356
57961
74927
12856
81255
76086
66020
86016
77954
35937
47996
55105
16123
35078
36834
69411
25549
24725
85637
42921
25163
18273
69652
60095
81736
23284
17712
69613
72063
27841
52036
17777
60616
71249
13692
44924
77719
18436
38634
28053
43206
58989
83480
23582
2972
73634
56912
41100
39152
85083
58164
77856
23393
80655
56698
10667
76490
71980
80051
80553
74555
81230
36357
1569
42098
56439
83964
73199
46334
52433
48320
5504
76497
71887
79607
13677
25317
14706
3209
87567
26742
55320
58204
41440
75332
87307
33840
47287
17758
38062
63546
54934
22601
61409
14574
44566
61270
79522
37003
53209
70732
19317
51809
60221
43040
43688
49059
18576
53000
73919
50533
48614
21932
81714
45105
13840
64257
61697
63561
41076
65749
43968
81284
54017
25013
30045
60071
66001
22996
14041
10282
44970
43543
39716
82497
5003
57010
86215
51493
53874
24877
6449
42393
58322
76256
64299
67445
38565
77299
63382
68412
82473
18731
12310
7340
80815
18741
63328
15561
27760
60236
74853
86296
58306
23385
80875
68300
11252
37568
52178
58040
25743
251
62763
50621
34973
4308
73039
52646
78795
65548
34796
11575
20202
50487
55204
78031
37155
62035
26780
24
86088
32217
30127
74015
28787
17478
73277
41185
25819
12311
44696
84677
79717
40970
17795
83764
7462
15089
41002
54395
39903
11109
24193
86171
34869
87794
63025
60243
30530
36833
21459
73643
50970
16661
69248
17619
62846
64735
80234
33449
13673
8104
59423
5497
85164
34740
53622
63922
66459
60947
18594
26872
76203
68612
71108
70425
54090
82601
53975
19380
14915
70696
32346
45667
36243
27531
24458
33315
44729
6108
23434
78427
37279
33047
50381
52258
70272
27122
83026
59150
36473
25554
44887
65233
86601
21290
44157
189
79212
38273
10938
46024
20615
55171
70422
83118
18808
44949
55319
47799
16518
23511
60638
77991
33663
79717
86029
2758
10138
73187
24081
36052
73527
70112
18194
85582
15829
25862
8000
22987
29217
41395
41545
54244
1741
71619
15445
23382
29666
75332
71649
71252
80232
2796
78904
37086
29496
61206
80161
11350
79318
2988
7802
33930
65035
26926
22366
10239
13633
56786
67923
31786
43770
15083
72067
15852
60812
22141
1444
53929
31676
31502
32141
26981
86827
68537
28524
19133
2878
77106
25277
27824
51636
46991
59694
27692
511
15866
46668
58130
34150
38028
83027
54891
79145
17406
37969
71552
69544
7535
81055
27267
76537
31822
70632
29173
44919
73165
16232
10703
36604
63614
50294
3419
65293
61069
11746
38255
46538
83681
22109
1329
55858
7315
21158
79784
81270
1100
49168
75690
87717
17368
86526
19304
85753
210
33327
135
30786
42459
34537
34051
1929
37667
69207
23166
82053
86142
48247
33221
75111
502
76834
39105
72224
28851
44019
86204
37404
37154
81566
36919
66579
38650
69984
75702
40490
54058
70698
72493
77250
68552
7226
46323
53996
82187
5268
34689
8285
77410
31458
29257
19736
11212
55693
21972
38545
22197
26903
43481
45394
42450
48676
80192
9718
41966
34891
9959
49166
36041
65479
39096
10088
8540
37269
28487
9498
14486
3126
68909
28815
42669
82790
11688
69044
15480
68453
80526
52885
52050
59803
82104
83495
2453
49903
37543
63766
61589
3293
28412
61644
87325
71320
44931
48831
25056
17071
62651
32234
63296
82010
6635
75927
25515
39784
46513
41150
28627
83722
20341
18123
48522
58357
79198
86942
52078
38792
50250
17874
29381
69674
52372
84179
19369
76968
37590
35140
56009
66016
17105
67870
22402
41847
2037
6847
27398
11856
14957
1898
52728
8080
15153
61893
71744
34078
70983
50227
61469
37362
11113
9246
18777
17054
80919
11525
40298
68170
44658
55914
4964
13599
35849
75753
41991
1593
73059
76210
30430
52718
67416
15229
17780
2591
61218
74919
45731
85297
42801
43794
48439
41065
4983
20335
35772
71956
65947
73748
6827
26227
76077
28763
2573
77743
42639
55074
71381
27395
36629
17505
19887
65475
2716
32842
83179
3945
48005
3616
51405
29715
23236
35489
23413
14922
14840
72253
6034
21229
52873
83192
77005
68093
53078
10035
1256
55341
87002
7973
31975
79226
24146
2831
72283
85676
32629
40623
78244
40163
24935
58954
50285
69018
67028
1401
67793
66399
12167
60545
13955
75667
68606
27580
87716
11500
72212
16328
23188
67675
62252
22385
55980
3681
33201
52039
37810
67944
16262
666
64119
48698
78906
713
47296
19698
71575
84503
76250
50893
47661
33920
25901
41086
46199
37706
19031
68842
75640
41212
12013
10575
23139
16937
17810
33775
46353
20949
60503
5746
62248
85126
47916
9878
70841
37908
58696
48002
81484
48760
71325
8076
77340
41589
38291
66493
81198
39203
60161
32250
13810
53685
17657
4540
5284
47658
5338
86887
48599
17424
82903
24710
17513
68824
34599
1999
70052
36734
49326
60597
61305
55935
80265
44934
63087
40338
62745
36950
19332
75479
27372
41895
37462
234
35936
54032
14111
3993
28265
68855
27614
80925
85591
76902
21837
67470
69937
57537
1936
38008
38444
10695
29628
5496
76993
57208
55040
32486
52090
31999
48441
39154
79653
50791
77500
82779
16856
19470
63958
76956
47300
46909
45200
1287
16652
81129
28301
75372
75643
48446
41518
57087
61142
14330
27838
42045
9765
59680
71269
24687
75625
50714
11433
46379
20507
66715
37150
37161
73554
82164
31164
1762
55725
82388
76279
48267
34775
66203
33474
18869
37664
7656
30348
19581
11314
20911
27081
10345
9398
11550
5744
61359
45369
44644
27038
85710
66053
75008
30827
72556
15134
49154
42427
12083
8553
21159
69459
54214
12082
56078
435
77189
15292
26340
42052
84647
87609
9121
31540
38197
79663
24391
86999
69849
74606
746
56227
58978
71673
60101
55555
13848
31076
3640
41390
34436
78229
5643
77026
42494
7234
69998
69485
42128
55498
22704
46312
47381
79978
5243
86112
27425
47381
81851
44662
22611
83209
57252
69441
28424
29150
81917
4938
10855
45195
43451
45093
79093
54567
53634
13196
82089
78352
27755
28400
46195
36003
56966
19526
58632
16257
53614
13555
33774
29865
54399
18686
40133
56954
17604
63331
76146
61519
15335
80673
6790
65811
30611
76513
8998
83461
16729
14555
85788
56591
37594
61183
27509
8930
11724
60403
33646
70521
26511
76064
12951
11361
30929
7391
81161
67032
5435
51225
79206
26237
57809
1510
12872
56975
69899
38654
75586
18421
75562
83093
40141
23506
12089
27407
63003
52530
39499
77427
26716
47984
76419
16179
11064
50484
70892
15892
76750
83142
56081
19000
65442
15484
10136
79671
65600
56163
86631
64392
61956
43091
45799
77021
54550
30415
3128
66927
67094
61077
58392
72480
63000
48349
24327
40469
39026
82352
77308
72235
8494
20529
71286
6401
43714
56383
77665
47846
63288
41887
77383
35580
49688
83304
2171
34577
47187
45261
48517
63123
20424
19223
26066
37910
16571
46170
5100
52828
58734
20772
3258
49632
21744
67873
41180
70015
14487
24507
30859
80158
6493
38292
67712
7471
56484
8364
36710
39495
74029
37005
73319
47775
42077
41515
66870
20880
37413
72169
60220
70970
30624
75958
25372
53064
8250
55377
39194
72520
63942
37238
10744
50568
43037
27125
86971
10186
79180
9161
30794
30226
41480
78203
4764
24889
20945
37472
61344
81964
59298
77757
79132
53166
76530
80362
53980
85032
33398
83453
37301
41632
24648
30477
78060
9351
5939
27030
38483
15445
2615
26606
55186
43299
31184
57419
33946
86759
73858
23149
40071
24274
7771
81876
50562
38936
820
60356
57349
14026
72160
81546
8468
62791
82692
58531
68569
44648
77282
3096
76206
87761
36487
69348
62141
51427
41530
37962
67447
39986
70233
13481
63774
68899
45511
51949
37726
25257
30948
14576
70442
36608
37466
86101
29833
20365
6129
50706
26273
75463
67792
19333
67253
27152
19570
81315
78378
69625
70830
85539
59652
14035
67682
26961
36091
79753
81847
72076
2563
4848
50651
18706
85384
85304
70269
49406
45326
17187
36051
39851
61979
78729
29860
45719
19295
53040
72198
8253
2296
38680
23872
57764
39305
68107
35851
15174
3200
10288
55337
395
43901
42481
41282
4873
19087
21022
66058
33223
76063
11276
86543
72802
78354
52003
11296
86082
34007
57742
14764
9793
4080
8191
59591
33664
12616
75898
41598
15603
19521
29880
84353
52149
17240
74049
8788
60615
86609
73618
60265
55681
47363
46861
41951
48645
43169
40101
63954
35968
73551
24077
66368
78678
17506
14363
6830
87507
18415
27335
14730
6495
30035
32187
14623
72775
9450
17821
73590
20595
38864
43168
67202
29289
75643
83341
35434
27957
19940
81194
23554
56227
17882
79829
79064
39288
69148
59067
74731
35535
28829
70038
76416
11744
37017
5367
18212
21618
19361
18965
19164
34559
65616
17602
41764
56226
7763
44398
60646
45315
63556
83592
59939
11332
55762
25203
31581
61973
19317
36134
14196
31184
53199
85138
33166
2909
77796
29669
12325
79754
10439
72104
86512
34171
16149
23588
18348
32043
186
69472
12739
23358
2673
10858
34440
2127
57104
41559
63655
52258
66586
9591
36652
75312
32368
19568
44623
29700
61960
16213
79559
34978
49940
84649
2857
57059
84492
59073
49635
41927
21089
64679
28529
53373
40483
28320
48650
80832
41000
5486
61282
67407
79790
43070
39095
35706
36569
70631
8754
76723
63632
3249
28859
34607
48331
9425
53048
41872
54741
36290
53811
65829
33919
71962
40106
79766
10230
44832
82955
8919
78263
74155
26792
32807
19640
6066
24336
32449
31059
15758
6348
78930
35949
5638
47233
80114
23629
68335
81159
63823
48036
36769
17520
58633
55238
57782
4151
28640
5112
50121
26302
32871
21354
87817
34114
50890
57151
84705
45021
38275
42310
77621
28163
13400
86198
35743
60073
26866
87209
15444
12360
54211
17051
58676
35
52024
60270
35426
43155
51341
86626
76173
58136
75736
14731
66389
13670
61830
87525
1421
3550
52546
46431
66736
55579
81170
63720
24467
70017
40090
24008
66332
6757
57643
82159
18099
18252
40760
34662
82747
69719
25146
62920
4536
42338
34783
14973
39491
41660
42291
73775
57563
60535
71902
28498
26677
29605
54109
37866
54434
20738
15287
27546
36301
62533
83126
14901
40780
66745
36235
50004
14590
27469
1346
56141
3373
84204
76394
13281
2348
24241
46811
15176
52686
87636
56935
26917
12899
54102
47652
78109
29562
27124
31968
40855
42245
48716
18630
44664
59116
71838
76751
49153
86951
52780
74773
45500
30158
42611
69736
52690
82340
45779
18767
64516
51565
13702
42109
68509
31012
46033
33336
47202
43261
63799
28350
47950
17372
84170
47931
10432
35091
61538
30416
21744
54880
3820
42412
9141
40556
70770
4276
53853
39376
73380
59499
41527
7517
65343
85375
43157
57124
14543
63916
35003
43707
4368
8223
79828
48960
3076
4574
86843
32737
67118
43921
22047
8459
72407
19093
45749
22923
22343
53866
19044
15029
52007
51415
82596
4728
44263
19956
63540
70021
83359
64925
14354
75704
46826
77607
48434
28649
61466
53206
56360
53147
59619
12324
56369
64421
74175
9006
17344
2271
72990
16009
59612
20051
23782
30807
65886
72780
86450
69635
25439
4388
20131
23477
50569
64245
40765
64079
60611
86563
3675
34843
13794
85251
85593
23647
38623
62753
29148
52273
84726
60380
84285
74704
42545
19759
6750
7069
4441
74893
51064
33950
51456
86170
76606
49743
40144
34552
13343
60685
52166
18543
17727
58612
63804
47800
36683
39570
42614
77019
80026
20717
53641
28497
52502
64410
64812
72694
17482
41371
25755
15513
39776
68172
5081
69919
80165
61180
43441
60921
43721
84329
79702
32726
39611
67577
6224
11643
67461
73119
32306
82656
23599
8449
29921
1338
11158
47838
43810
8018
54522
45063
87868
80721
65855
31122
8380
16389
58796
67770
42691
67414
46856
75215
20031
1211
46908
38964
43778
4030
30455
11496
53672
25660
45123
50818
82853
14788
42861
28740
65995
57265
65549
34142
34870
57326
39846
8702
9272
82814
42072
19900
9945
15637
28647
1720
69744
46631
68353
58164
73500
20010
1844
83798
77421
12520
35071
50284
30758
13243
43015
37709
45984
7139
39761
19320
47957
16708
77486
49393
42320
71632
52298
78376
16134
34081
53234
81332
53475
33383
1398
40241
44767
77609
48321
42934
45501
51503
12475
23319
49824
17662
44191
66162
86575
64836
48009
68527
13341
43932
49851
26109
54723
52633
26877
32495
70976
19873
60840
65782
20621
81732
26687
66009
85814
46874
16655
65975
81748
22421
84972
73608
77960
1056
43497
49382
50762
32273
52464
73345
60871
32155
55334
81769
62478
482
1140
22318
38759
59573
32381
81134
49482
52028
7689
37004
32061
48798
51013
16678
59913
59647
45247
77256
155232
119433
164726
108901
138235
168365
157674
162367
91566
133176
135857
175745
90389
97801
143895
95499
92856
98572
97512
113126
171859
167736
103751
155948
119036
129493
159800
132923
161110
122920
108700
126027
109660
111507
156061
144647
97650
117029
148332
129772
162701
152190
137663
92562
94740
129311
122870
133402
146243
122404
152896
124105
152708
132837
106991
122288
159946
146240
172450
165181
100796
119880
166801
122256
136958
149709
97452
112169
168198
162378
105847
174978
147575
103763
120879
119370
152675
151707
117494
164877
153416
144036
132556
149955
112881
167993
136516
108239
120109
137529
119844
128550
174654
243301
250496
260631
214336
202877
255743
219710
201813
233969
263118
232452
212522
204919
210058
233300
233707
227687
181722
251203
245825
263513
230991
225169
188358
232703
214417
199367
252197
178285
192706
261469
218694
263589
246201
228039
204698
240354
210569
231455
198366
248777
193269
314769
349983
300158
313553
347739
281397
320834
308630
293046
335615
331132
273429
264634
272232
340557
311897
328350
344071
372392
410949
376756
415964
424456
408408
390118
407478
378414
400999
396795
439256
419275
365400
399681
437612
405604
359776
372977
404455
377703
401885
402654
392620
361444
409937
376720
366063
399718
383685
511571
447198
509488
509441
499641
520048
442132
449958
524616
479939
460899
515235
441539
451618
459395
503224
526935
477882
480859
527434
492095
502852
526916
505074
553161
557631
586887
587175
580554
540548
610143
531818
536774
552712
533966
539978
692433
698385
699746
788178
741836
774000
860641
831352
852491
903453
904286
915971
945747
907738
967852
1020018
972431
972981
972534
1022230
1007588
1029503
1028392
1009971
991025
976058
1031253
1048885
989634
997497
1035058
1055480
973572
983935
972173
977608
1034100
1028114
1053518
1053415
1011365
1046777
969282
984488
1009954
1155427
1185019
1227718
1280995
1291375
1302726
1358370
1388466
1330789
1398038
1335239
1322925
1423897
1477918
1464631
1564570
1563575
1533979
1646140
1667070
1602677
1718605
1692876
1713167
1758104
1733883
1717862
1700116
1682959
1706420
1780392
1826503
1801652
1934437
1917082
1921836
1993720
2014064
1992647
1992843
1942443
1945724
2063368
2025609
2094041
2150754
2185108
2160519
2518573
2481950
2516515
2586265
2612410
2557955
2568839
2623449
2610783
2554474
2596769
2615280
2682282
2669158
2720367
2780176
2775252
2736809
2807129
2798144
2789265
2864105
2893900
2869766
2845259
2892422
2855492
2931732
2963646
2986200
2909587
2972084
2970892
2928651
2975729
2907504
3048977
3043858
3017311
3079631
3042055
3008357
3210481
3223957
3247420
3322569
3267659
3292377
3370131
3347336
3387379
3437444
3451477
3462428
3651387
3662088
3623253
3956428
3906833
3925951
4073655
4084541
4114815
4065297
4082988
4069655
4902948
4920377
4924485
5007710
5002705
4999560
5339049
5351483
5347821
5554478
5625633
5546768
5833137
5861663
5874969
5972915
5937095
5956800
6028336
6015534
5985279
6520631
6554608
6552481
6885843
6877158
6897825
8237586
8250611
8203973
8311497
8288365
8337517
8712979
8778180
8790644